8.140956982970237732e-03
1.453641150146722794e-02
1.281676813960075378e-02
3.815250098705291748e-02
-2.997327828779816628e-04
3.023105859756469727e-02
2.802401408553123474e-02
9.254647418856620789e-03
-5.218776641413569450e-04
1.878987625241279602e-02
1.623935252428054810e-02
-7.248082198202610016e-03
-4.358442092780023813e-04
7.743906974792480469e-02
-1.458531990647315979e-02
1.821220479905605316e-02
7.369856350123882294e-03
-8.136138203553855419e-04
5.650448147207498550e-03
-4.433570895344018936e-03
1.250411104410886765e-02
3.916101902723312378e-02
2.816598303616046906e-02
-4.421489138621836901e-04
-5.633499240502715111e-04
-3.665251424536108971e-03
1.069809310138225555e-02
2.280997484922409058e-02
-2.865669666789472103e-04
3.615024685859680176e-02
1.413755863904953003e-02
-1.889688428491353989e-03
1.387980394065380096e-02
-2.109725028276443481e-02
2.934691868722438812e-02
-1.537280064076185226e-02
3.375073149800300598e-02
-8.482105098664760590e-03
-5.769343697465956211e-04
1.071525923907756805e-02
-5.030799075029790401e-04
2.250082232058048248e-02
-3.911714593414217234e-04
2.963684871792793274e-02
-1.438693981617689133e-02
-1.426203548908233643e-02
-2.402043156325817108e-02
-6.136746378615498543e-04
8.761264383792877197e-03
1.294344849884510040e-02
-3.535110875964164734e-02
2.978654950857162476e-02
6.905739009380340576e-02
-8.213403634727001190e-04
3.497696667909622192e-02
3.678967943415045738e-03
1.567327976226806641e-02
3.993463516235351562e-02
-4.439896147232502699e-04
1.366807799786329269e-02
3.239731863141059875e-02
-6.674794945865869522e-03
-4.638372920453548431e-03
2.202891744673252106e-02
2.088887989521026611e-02
1.390200946480035782e-02
4.414093494415283203e-02
-4.525396216195076704e-04
-5.536209209822118282e-04
-8.392698364332318306e-04
2.645398490130901337e-02
-8.831208571791648865e-03
1.501702424138784409e-02
2.483115717768669128e-02
1.459247153252363205e-02
-3.808496694546192884e-04
9.007195010781288147e-03
3.857930749654769897e-02
2.469508722424507141e-02
-3.218659898266196251e-03
-3.356459736824035645e-02
8.948978967964649200e-03
3.313029929995536804e-02
-1.135661080479621887e-02
3.268694505095481873e-02
1.300197001546621323e-02
2.785266935825347900e-02
-1.314144465140998363e-04
7.508791983127593994e-03
3.022190555930137634e-02
4.294517263770103455e-02
8.029915392398834229e-03
7.028042804449796677e-03
-4.517896741162985563e-05
6.968983449041843414e-03
4.957517981529235840e-02
1.423175912350416183e-03
1.165142469108104706e-02
-3.408894699532538652e-04
3.541478514671325684e-02
2.301190420985221863e-02
1.779775600880384445e-03
-5.813016905449330807e-04
8.625661954283714294e-03
3.556408686563372612e-03
3.037155605852603912e-03
1.270545460283756256e-02
4.399445373564958572e-03
2.011369355022907257e-02
-2.890460891649127007e-03
3.217288106679916382e-02
3.118803579127416015e-05
-8.630960248410701752e-03
-1.232262235134840012e-02
-4.938432946801185608e-03
-6.510871462523937225e-03
-4.797704459633678198e-04
1.148739550262689590e-02
-3.421923029236495495e-04
-1.152407028712332249e-03
-1.368496846407651901e-02
-1.609429600648581982e-03
-5.447453353554010391e-03
4.219511896371841431e-02
3.564783371984958649e-03
-1.198361534625291824e-02
3.127044811844825745e-02
-1.168711343780159950e-03
-4.776203131768852472e-04
-2.220912370830774307e-03
-4.809687379747629166e-03
2.645332738757133484e-02
-1.611737161874771118e-02
-7.482114713639020920e-03
-7.582599646411836147e-04
2.101073227822780609e-02
-6.392950890585780144e-04
4.897316172719001770e-02
3.792443498969078064e-02
7.945405319333076477e-03
-8.674759417772293091e-03
9.274502284824848175e-03
2.337806858122348785e-02
1.814433187246322632e-02
-6.943480693735182285e-04
1.161832548677921295e-02
1.952995173633098602e-02
1.215412188321352005e-02
-6.400324869900941849e-03
4.517198354005813599e-02
-6.436518859118223190e-03
-5.280157784000039101e-04
1.652757078409194946e-02
-8.863287512212991714e-04
-3.946721262764185667e-04
-2.596592158079147339e-02
1.235415786504745483e-02
-2.778387279249727726e-04
4.221475869417190552e-02
2.065400406718254089e-02
5.558542907238006592e-03
-9.241062798537313938e-04
1.708692684769630432e-02
1.007936988025903702e-02
-4.575154744088649750e-04
3.658927977085113525e-02
3.100173920392990112e-02
-3.709208103828132153e-04
6.305332761257886887e-03
1.053415983915328979e-02
2.768796496093273163e-02
7.218799740076065063e-02
-2.284611546201631427e-04
2.063279040157794952e-03
2.260237187147140503e-02
-3.682675596792250872e-04
2.173172868788242340e-02
-4.193032218609005213e-04
-2.588653750717639923e-02
-2.153012529015541077e-02
2.702894434332847595e-02
-3.261138126254081726e-02
-1.876919297501444817e-03
2.955841273069381714e-02
-2.818258479237556458e-02
1.203785836696624756e-02
3.302090987563133240e-02
-1.655773259699344635e-03
1.271463837474584579e-02
-2.221216680482029915e-03
-3.078687749803066254e-02
2.104935795068740845e-02
1.188650075346231461e-02
3.460676595568656921e-02
2.687169238924980164e-02
2.678733691573143005e-02
1.663310453295707703e-02
-5.116063402965664864e-04
3.077993914484977722e-02
2.926391176879405975e-02
5.376085638999938965e-02
-3.626864345278590918e-04
3.948193788528442383e-02
1.363112125545740128e-02
8.536109700798988342e-03
1.957185193896293640e-02
-1.158658787608146667e-02
-9.002431295812129974e-03
2.158277668058872223e-02
1.117706671357154846e-02
3.263403847813606262e-02
2.463847212493419647e-02
-3.192490257788449526e-04
3.295913338661193848e-02
-4.698086413554847240e-04
9.105865843594074249e-03
-8.393425378017127514e-04
2.951258420944213867e-02
-7.542978273704648018e-04
2.259979024529457092e-02
3.882883116602897644e-02
1.428693067282438278e-02
3.789248690009117126e-02
-1.186875277198851109e-03
2.785983309149742126e-02
2.559775300323963165e-02
9.218323044478893280e-03
1.741305552423000336e-02
-1.867382961791008711e-04
1.227212138473987579e-02
4.096157103776931763e-02
-3.589550731703639030e-03
2.940781228244304657e-02
4.695877432823181152e-03
4.764667246490716934e-03
-1.659287139773368835e-02
2.252329885959625244e-02
-8.313095197081565857e-03
-1.010968629270792007e-02
3.929572179913520813e-03
-4.963800893165171146e-04
2.057753130793571472e-02
2.723599225282669067e-02
-3.606427926570177078e-04
-1.416355185210704803e-02
-1.749047264456748962e-02
7.625580299645662308e-03
-2.400481328368186951e-02
-3.265924751758575439e-03
-3.491193929221481085e-04
2.020892873406410217e-02
-7.928789709694683552e-04
1.203624252229928970e-02
3.198902308940887451e-02
2.679219283163547516e-02
-1.430480461567640305e-02
