2.111176967620849609e+00
-7.376748561859130859e+00
-2.481574296951293945e+00
2.764360189437866211e+00
-1.399579167366027832e+00
-2.549562454223632812e+00
-2.030845403671264648e+00
-5.903470993041992188e+00
-6.642078399658203125e+00
-5.914978027343750000e+00
-3.003394842147827148e+00
-8.414703369140625000e+00
-6.214775085449218750e+00
2.666840314865112305e+00
-9.637701034545898438e+00
-6.134799480438232422e+00
-2.914713382720947266e+00
-5.118505954742431641e+00
-6.992993354797363281e+00
-1.809399366378784180e+00
-6.903625011444091797e+00
-1.178735160827636719e+01
-1.156057357788085938e+01
-7.206298828125000000e+00
-1.104852390289306641e+01
-2.946177482604980469e+00
2.291913628578186035e-01
-3.345674037933349609e+00
-9.378865242004394531e+00
-5.576333999633789062e+00
-5.551154136657714844e+00
-3.910087585449218750e+00
-2.808121442794799805e+00
-6.000893592834472656e+00
-3.054947853088378906e+00
-2.035524129867553711e+00
-2.947892427444458008e+00
-7.646868705749511719e+00
-4.514674663543701172e+00
-5.315023422241210938e+00
-4.352749824523925781e+00
-9.370032310485839844e+00
-5.225770473480224609e+00
2.268011569976806641e+00
-6.623054504394531250e+00
2.571886777877807617e+00
2.604838609695434570e+00
-1.841802120208740234e+00
-3.887791156768798828e+00
-7.362247943878173828e+00
-1.339368224143981934e+00
-4.481927394866943359e+00
2.663677215576171875e+00
-8.237056732177734375e+00
-5.919146537780761719e+00
-4.746698379516601562e+00
-5.636649608612060547e+00
-1.333275794982910156e+00
-5.581300258636474609e+00
-5.810592174530029297e+00
-2.608045101165771484e+00
-2.847855329513549805e+00
2.410654067993164062e+00
-3.090335845947265625e+00
-3.480988025665283203e+00
-7.869796276092529297e+00
-4.100263595581054688e+00
-2.353569030761718750e+00
-4.487485408782958984e+00
-5.569557189941406250e+00
-7.864585399627685547e+00
2.634968519210815430e+00
-8.245297431945800781e+00
-1.549676537513732910e+00
-4.200409889221191406e+00
2.912686824798583984e+00
-1.735065460205078125e+00
2.559505224227905273e+00
-4.587034702301025391e+00
-4.696025371551513672e+00
-8.025158643722534180e-01
-4.486672401428222656e+00
-4.254278659820556641e+00
-2.645815849304199219e+00
-6.188373565673828125e+00
-4.837356567382812500e+00
-5.046722412109375000e+00
-4.842893123626708984e+00
-3.829122543334960938e+00
-6.082792758941650391e+00
-6.704589843750000000e+00
-1.717331528663635254e+00
-6.954741477966308594e+00
-4.473624229431152344e+00
2.634398698806762695e+00
-5.269294738769531250e+00
-4.289098739624023438e+00
-4.780053794384002686e-01
-2.146334409713745117e+00
-4.805457115173339844e+00
-5.636223793029785156e+00
-6.337625980377197266e+00
-9.911763191223144531e+00
-6.333238601684570312e+00
2.781350612640380859e+00
-6.659558773040771484e+00
-1.945710062980651855e+00
-4.910706877708435059e-01
-3.108609199523925781e+00
-1.139796161651611328e+01
-2.116053104400634766e+00
-2.958558320999145508e+00
-3.322942018508911133e+00
-3.906090021133422852e+00
-6.172225952148437500e+00
-5.340463638305664062e+00
-2.681769609451293945e+00
-4.981369972229003906e+00
-8.702281951904296875e+00
-1.144046020507812500e+01
3.219668626785278320e+00
-7.811953067779541016e+00
-2.287791490554809570e+00
-5.770305156707763672e+00
-1.072429943084716797e+01
-3.064169645309448242e+00
1.781776905059814453e+00
-1.246161365509033203e+01
-6.590005755424499512e-01
-3.158819198608398438e+00
-5.585269451141357422e+00
-4.831357002258300781e+00
-2.489273071289062500e+00
-1.149727344512939453e+00
-4.168316364288330078e+00
-6.471445083618164062e+00
1.717782735824584961e+00
-9.693157196044921875e+00
-3.513428449630737305e+00
-1.053257846832275391e+01
-4.007652282714843750e+00
-3.786681890487670898e+00
-4.715686321258544922e+00
-7.425552368164062500e+00
-3.625339508056640625e+00
-4.329200267791748047e+00
-5.337845802307128906e+00
-4.153780460357666016e+00
-4.252013683319091797e+00
-3.838851451873779297e+00
-6.870385646820068359e+00
-3.961266756057739258e+00
2.940136909484863281e+00
-4.099696159362792969e+00
-1.120068788528442383e+00
-2.637161254882812500e+00
-3.773029804229736328e+00
-3.761123895645141602e+00
-6.092121601104736328e+00
-5.795598983764648438e+00
-6.417043685913085938e+00
-6.905896663665771484e+00
-6.444332599639892578e+00
-8.034590721130371094e+00
2.611667871475219727e+00
-3.324900150299072266e+00
-9.745800971984863281e+00
-6.765276432037353516e+00
-3.614043235778808594e+00
-3.421253204345703125e+00
-5.396041393280029297e+00
-9.296618700027465820e-01
-6.032360553741455078e+00
-3.271056890487670898e+00
-4.483288288116455078e+00
-5.890804290771484375e+00
-4.314625263214111328e+00
-7.585704803466796875e+00
2.635735034942626953e+00
-3.948161840438842773e+00
-5.937708377838134766e+00
2.566818714141845703e+00
2.078385800123214722e-01
-3.753568172454833984e+00
-4.440690040588378906e+00
2.846008062362670898e+00
-5.072214126586914062e+00
-4.386301517486572266e+00
-3.981859922409057617e+00
-6.771307945251464844e+00
-5.065334796905517578e+00
-3.886250972747802734e+00
-1.720620632171630859e+00
-2.047383785247802734e+00
-1.054159164428710938e+01
-5.400997161865234375e+00
2.442146301269531250e+00
-1.909644842147827148e+00
-8.227328300476074219e+00
-4.107215106487274170e-01
-4.124447822570800781e+00
-1.154937839508056641e+01
1.294502377510070801e+00
-6.525009632110595703e+00
-4.344259738922119141e+00
-9.568867683410644531e+00
-2.814816713333129883e+00
-7.997167587280273438e+00
-2.862290382385253906e+00
2.833025693893432617e+00
-4.389754772186279297e+00
-4.978298187255859375e+00
2.248187303543090820e+00
-5.801750659942626953e+00
-3.361342906951904297e+00
2.135497808456420898e+00
-8.304914474487304688e+00
-1.474043011665344238e+00
-4.711534023284912109e+00
-5.933036327362060547e+00
-7.165619373321533203e+00
-4.377088546752929688e+00
-4.409085750579833984e+00
-6.581124782562255859e+00
-2.575773894786834717e-01
-3.870089352130889893e-01
-4.044676303863525391e+00
-8.212361335754394531e+00
-6.353428363800048828e+00
-1.593734979629516602e+00
-6.900533676147460938e+00
-3.329302549362182617e+00
-4.832138538360595703e+00
-3.603844881057739258e+00
-7.809538841247558594e+00
-7.657130718231201172e+00
2.827560424804687500e+00
-2.320030927658081055e+00
-2.515484571456909180e+00
-1.439571380615234375e+00
-4.879301548004150391e+00
-8.888042449951171875e+00
-5.639011383056640625e+00
2.439743280410766602e+00
-6.159267425537109375e+00
-6.384278297424316406e+00
-4.948626518249511719e+00
-8.772181510925292969e+00
-5.710433959960937500e+00
-7.524828433990478516e+00
-8.791264533996582031e+00
-9.380463600158691406e+00
-6.281627655029296875e+00
-4.835431873798370361e-01
-7.621926784515380859e+00
-2.434992790222167969e+00
