5.663950368762016296e-02
4.342230409383773804e-02
2.002763003110885620e-02
2.111002057790756226e-02
2.304402366280555725e-02
-2.194584958488121629e-04
3.131184203084558249e-04
3.730380162596702576e-02
7.482734508812427521e-03
1.037877053022384644e-02
2.790258824825286865e-02
2.327631227672100067e-03
-5.551815847866237164e-04
1.353085227310657501e-02
3.844570741057395935e-02
-2.317796461284160614e-02
4.516797140240669250e-03
-5.501252040266990662e-02
3.841984272003173828e-02
-5.185274034738540649e-02
-2.660605497658252716e-02
7.655926048755645752e-02
8.850567787885665894e-02
3.701313585042953491e-02
2.841189969331026077e-03
-2.070975117385387421e-02
3.462646156549453735e-02
3.339637070894241333e-02
6.490895990282297134e-03
1.888374797999858856e-02
1.489146961830556393e-04
1.701447367668151855e-02
2.596229128539562225e-02
1.063848752528429031e-02
6.150041148066520691e-02
4.068087413907051086e-02
-5.292482674121856689e-03
4.319623485207557678e-02
5.347334221005439758e-02
3.494131937623023987e-02
2.251674421131610870e-02
5.297844484448432922e-02
8.620007894933223724e-03
-2.255775220692157745e-02
7.393908500671386719e-02
1.827546395361423492e-02
3.883216995745897293e-03
-4.857018962502479553e-02
5.812597647309303284e-02
4.565736278891563416e-02
2.596727386116981506e-02
5.906987935304641724e-03
1.164063345640897751e-02
5.395749211311340332e-02
1.345723681151866913e-02
2.985316794365644455e-03
3.968470543622970581e-02
4.296389967203140259e-02
6.649849563837051392e-02
3.629555553197860718e-02
5.138713493943214417e-02
2.722833864390850067e-02
1.835729740560054779e-02
2.023844048380851746e-02
-2.330733090639114380e-02
-3.998194634914398193e-02
3.487325832247734070e-02
5.486322194337844849e-02
-3.628949401900172234e-03
2.035947702825069427e-02
4.142554476857185364e-02
4.068262409418821335e-03
-1.091653760522603989e-02
3.496883064508438110e-02
2.020515315234661102e-02
-1.340420078486204147e-02
4.926752299070358276e-02
-3.789892885833978653e-03
4.986817389726638794e-02
-6.266959942877292633e-03
5.566681548953056335e-02
4.239059984683990479e-02
7.757985591888427734e-02
4.976184293627738953e-02
2.100078016519546509e-02
-1.545631885528564453e-02
5.870989710092544556e-02
2.106572315096855164e-02
2.092795073986053467e-02
2.434094436466693878e-02
6.976485252380371094e-02
-2.988494746387004852e-02
5.055972188711166382e-02
-1.429587602615356445e-02
2.145704813301563263e-03
4.960559308528900146e-02
1.812922023236751556e-02
5.583769828081130981e-02
-3.602011874318122864e-02
3.203394263982772827e-02
2.528978697955608368e-02
2.354618906974792480e-02
4.634070023894309998e-02
1.127874571830034256e-02
3.495976701378822327e-02
-2.992238150909543037e-03
1.275489572435617447e-03
2.237703278660774231e-02
5.082669854164123535e-02
5.787491798400878906e-02
-6.928850198164582253e-04
-1.699457317590713501e-02
1.964757777750492096e-02
4.304536804556846619e-02
4.283989593386650085e-02
-1.546715758740901947e-02
1.727332174777984619e-02
5.567719787359237671e-02
-2.100533619523048401e-02
-4.970391839742660522e-02
1.610478572547435760e-02
3.073573810979723930e-03
-1.660772040486335754e-02
3.303599078208208084e-03
5.156314931809902191e-03
-3.396503627300262451e-02
1.376777887344360352e-02
-7.780387531965970993e-03
3.104110993444919586e-02
8.062640205025672913e-03
3.117071278393268585e-02
-1.868634857237339020e-02
-1.033352129161357880e-02
3.653827309608459473e-02
6.558472290635108948e-03
3.786415979266166687e-02
1.468290202319622040e-02
1.644167676568031311e-02
6.193848326802253723e-03
-1.081717899069190025e-03
3.032107464969158173e-02
1.259391475468873978e-02
3.132799640297889709e-02
-2.750804089009761810e-02
1.582910865545272827e-02
-9.147487580776214600e-03
4.933550208806991577e-02
4.721559584140777588e-02
3.489447990432381630e-03
1.393164042383432388e-02
5.356743559241294861e-02
4.732330795377492905e-03
4.450958594679832458e-02
4.357425495982170105e-02
3.671664372086524963e-02
3.830247325822710991e-03
4.032611846923828125e-02
1.704447343945503235e-02
1.363251358270645142e-02
2.163624390959739685e-02
8.053625002503395081e-03
3.387064859271049500e-02
3.709132969379425049e-02
3.182302787899971008e-02
-3.666880354285240173e-02
2.605931460857391357e-02
-3.276834031566977501e-03
-8.329126052558422089e-03
4.193788021802902222e-02
3.043666295707225800e-02
-2.194446884095668793e-02
2.458355762064456940e-02
-3.500852966681122780e-03
-1.308823376893997192e-02
-5.608920380473136902e-02
2.253933064639568329e-02
7.122343406081199646e-03
4.449176043272018433e-02
2.681279368698596954e-02
-3.607916086912155151e-02
-3.813811764121055603e-02
-8.376925834454596043e-04
3.037166036665439606e-02
1.304262410849332809e-02
2.672206982970237732e-02
6.638325750827789307e-02
3.165563941001892090e-02
2.899486757814884186e-02
3.640750795602798462e-02
1.671820320188999176e-02
1.187569694593548775e-03
5.024633836001157761e-03
1.646524667739868164e-02
4.353311657905578613e-02
2.757110074162483215e-02
3.571529313921928406e-02
1.145471259951591492e-02
7.302653044462203979e-02
2.312616258859634399e-02
2.264688722789287567e-02
7.311330642551183701e-03
-2.829220518469810486e-02
4.263773933053016663e-02
1.049619447439908981e-02
-1.988275907933712006e-02
5.919317901134490967e-02
6.366980820894241333e-02
7.705715019255876541e-03
-1.565519161522388458e-02
1.662525814026594162e-03
3.093235380947589874e-02
4.720649868249893188e-02
-2.722462266683578491e-02
2.612764574587345123e-02
5.345368757843971252e-02
-4.377128183841705322e-02
5.050646513700485229e-02
1.869594119489192963e-02
1.814504712820053101e-02
-3.238829231122508645e-05
1.489369478076696396e-02
1.679478096775710583e-03
2.480643242597579956e-02
5.712930858135223389e-02
4.699354991316795349e-02
9.014477021992206573e-03
-3.649338707327842712e-02
1.536830514669418335e-02
2.988836960867047310e-03
4.498283192515373230e-02
-4.427665844559669495e-03
-3.663214156404137611e-03
2.119511552155017853e-02
1.577912713401019573e-03
7.617156021296977997e-03
6.827163510024547577e-03
2.102957665920257568e-02
-7.005672901868820190e-03
5.216747522354125977e-03
3.347075358033180237e-02
2.889194898307323456e-02
-8.461748249828815460e-03
1.948452554643154144e-03
3.579032048583030701e-02
2.532499842345714569e-02
6.381329149007797241e-02
-1.600633375346660614e-02
4.809922352433204651e-02
1.754136569797992706e-02
4.071584902703762054e-03
1.411150209605693817e-02
1.465804688632488251e-02
-5.484611727297306061e-03
2.037432044744491577e-02
3.890874236822128296e-02
3.465658053755760193e-02
