-3.002698300406336784e-03
-3.000743687152862549e-03
-3.002719255164265633e-03
5.533674266189336777e-04
-1.863209724426269531e+00
-3.002729034051299095e-03
-1.492802947759628296e-01
-3.002636367455124855e-03
-3.002577228471636772e-03
-5.104110836982727051e-01
1.348642230033874512e+00
-3.002714831382036209e-03
-3.550210475921630859e+00
-3.002736717462539673e-03
-3.002715762704610825e-03
-3.002730663865804672e-03
2.802141427993774414e+00
-3.002396086230874062e-03
1.805985808372497559e+00
8.931244611740112305e-01
-3.002475947141647339e-03
-2.998285694047808647e-03
-3.002293407917022705e-03
-3.002692479640245438e-03
3.255754232406616211e+00
-3.002415411174297333e-03
-3.000935073941946030e-03
1.606720089912414551e+00
1.318851828575134277e+00
-1.239085555076599121e+00
-5.186995118856430054e-02
7.197791934013366699e-01
-3.002563957124948502e-03
1.746441006660461426e+00
-3.002726007252931595e-03
9.517753720283508301e-01
-3.002400742843747139e-03
1.950696110725402832e+00
-3.002433106303215027e-03
-3.683958053588867188e+00
-3.001950448378920555e-03
-3.706079959869384766e+00
8.505392074584960938e-01
-3.002740442752838135e-03
-1.491599440574645996e+00
-1.976675868034362793e+00
-6.113165616989135742e-01
-3.002670826390385628e-03
-9.153825044631958008e-01
-1.095938801765441895e+00
-3.001051256433129311e-03
-3.002627752721309662e-03
1.887925565242767334e-01
-3.002644516527652740e-03
1.269933342933654785e+00
-3.002654295414686203e-03
-3.002649638801813126e-03
2.210294008255004883e-01
-3.002711338922381401e-03
-3.002732526510953903e-03
1.951914191246032715e+00
2.212609291076660156e+00
-3.002711106091737747e-03
-9.482030868530273438e-01
6.311957359313964844e+00
-3.002552548423409462e-03
-7.670897245407104492e-01
2.760423123836517334e-01
-2.996514784172177315e-03
-3.002737648785114288e-03
-3.002685727551579475e-03
5.418784618377685547e-01
-3.002715529873967171e-03
-3.451146781444549561e-01
-3.002501791343092918e-03
-3.002729732543230057e-03
-1.817586779594421387e+00
-3.002686891704797745e-03
1.373364806175231934e+00
-3.002705750986933708e-03
-3.646028518676757812e+00
2.127848625183105469e+00
-3.002738114446401596e-03
-3.002634039148688316e-03
-3.002284327521920204e-03
-3.002729499712586403e-03
7.119154334068298340e-01
-3.001257078722119331e-03
-3.002670826390385628e-03
-3.002637997269630432e-03
-3.002708544954657555e-03
1.632413744926452637e+00
-3.002717392519116402e-03
5.876967906951904297e+00
3.518072366714477539e+00
-3.002396086230874062e-03
2.369747638702392578e+00
-3.002711338922381401e-03
2.534581720829010010e-01
4.647766053676605225e-01
-3.002700395882129669e-03
1.530296683311462402e+00
3.692779064178466797e+00
9.670246839523315430e-01
-3.002660814672708511e-03
-3.002711338922381401e-03
4.471982121467590332e-01
-3.002732759341597557e-03
2.766124606132507324e-01
5.512486696243286133e-01
-3.002693643793463707e-03
-5.440812706947326660e-01
-3.002705750986933708e-03
6.787801384925842285e-01
-1.382782697677612305e+00
4.691951870918273926e-01
-3.002672921866178513e-03
1.063263416290283203e+00
-5.261514186859130859e-01
-6.187202930450439453e-01
-3.002652898430824280e-03
-4.705506265163421631e-01
-8.131878450512886047e-03
-3.002742072567343712e-03
5.605651065707206726e-02
-3.002724144607782364e-03
-2.631208658218383789e+00
2.820541620254516602e+00
1.709525704383850098e+00
-3.002686193212866783e-03
-1.688010245561599731e-02
-3.002739744260907173e-03
-3.001619363203644753e-03
-3.002718789502978325e-03
3.278327703475952148e+00
-3.002711571753025055e-03
2.880398511886596680e+00
2.238941669464111328e+00
-3.002501325681805611e-03
-3.002730663865804672e-03
-3.002737648785114288e-03
1.496624827384948730e+00
2.111577987670898438e+00
-3.002689452841877937e-03
-2.993392990902066231e-03
-3.002714598551392555e-03
-3.002708777785301208e-03
-3.002720419317483902e-03
4.384621143341064453e+00
-1.377877116203308105e+00
8.557478785514831543e-01
3.090507507324218750e+00
-3.000732045620679855e-03
-3.002600977197289467e-03
-3.001924604177474976e-03
8.514627814292907715e-01
1.417577862739562988e+00
-3.001316450536251068e-03
1.689380526542663574e+00
-3.002701792865991592e-03
-3.002473153173923492e-03
-3.002172335982322693e-03
-3.002705750986933708e-03
-3.002472920343279839e-03
1.269697308540344238e+00
1.067256331443786621e+00
4.474781751632690430e-01
-3.001344390213489532e-03
7.561123371124267578e-01
-3.002681769430637360e-03
1.570738255977630615e-01
3.308187484741210938e+00
-3.048151493072509766e+00
-3.002739977091550827e-03
7.932194471359252930e-01
-3.002713667228817940e-03
2.839146375656127930e+00
1.462176535278558731e-02
5.920584201812744141e-01
-3.002717858180403709e-03
-3.002452896907925606e-03
-3.002615645527839661e-03
-3.002724144607782364e-03
5.551722526550292969e+00
-1.809036374092102051e+00
-3.711117982864379883e+00
-3.002714831382036209e-03
1.515573382377624512e+00
-3.002711106091737747e-03
-3.002472920343279839e-03
-3.002430079504847527e-03
4.761355817317962646e-01
-3.001904347911477089e-03
-3.002707380801439285e-03
2.164963006973266602e+00
2.310004711151123047e+00
-3.002382814884185791e-03
1.198986649513244629e+00
4.216892242431640625e+00
-2.130604267120361328e+00
-3.002719953656196594e-03
-2.998307114467024803e-03
7.571416497230529785e-01
-3.002526005730032921e-03
8.576405048370361328e-01
-3.002514597028493881e-03
-3.002719255164265633e-03
-3.002633806318044662e-03
-2.208513498306274414e+00
7.340294718742370605e-01
-3.002716694027185440e-03
-3.002526005730032921e-03
-3.002711571753025055e-03
1.183982849121093750e+00
1.332734107971191406e+00
5.609689950942993164e-01
1.626633405685424805e-01
5.764069557189941406e+00
5.058255195617675781e+00
6.899216771125793457e-01
-3.002696670591831207e-03
-3.002623096108436584e-03
1.369440853595733643e-01
3.528779745101928711e-01
1.313847184181213379e+00
-9.372501969337463379e-01
2.159739017486572266e+00
-3.002731595188379288e-03
-3.002714598551392555e-03
1.590567827224731445e+00
2.836825847625732422e-01
1.061632752418518066e+00
7.814794778823852539e-02
-2.848151326179504395e-01
1.753532171249389648e+00
2.903250455856323242e-01
6.580219268798828125e-01
3.198627710342407227e+00
6.330178380012512207e-01
5.271655559539794922e+00
1.019701361656188965e+00
-3.002732526510953903e-03
-3.002712270244956017e-03
-3.001173958182334900e-03
-3.002705052495002747e-03
-3.002711571753025055e-03
1.149724125862121582e+00
-3.002636134624481201e-03
5.354408025741577148e-01
-3.002708312124013901e-03
-3.002723446115851402e-03
1.925617456436157227e+00
-1.820062398910522461e-01
-3.002690151333808899e-03
9.634619355201721191e-01
-3.002592802047729492e+00
