2.009406127035617828e-02
-6.555298459716141224e-04
4.942129598930478096e-04
5.889999680221080780e-03
6.376048550009727478e-03
1.856526918709278107e-02
-1.708077907096594572e-04
1.564097031950950623e-02
-4.409555695019662380e-04
-3.821639809757471085e-03
1.484441850334405899e-02
-4.129035805817693472e-04
-6.906895898282527924e-03
6.480546668171882629e-03
-2.736294700298458338e-04
4.994060378521680832e-03
-2.384339750278741121e-04
-2.439655945636332035e-04
1.814899407327175140e-02
2.008416503667831421e-02
1.268065813928842545e-02
-1.866277889348566532e-04
1.793876476585865021e-02
1.111450605094432831e-02
-5.136388354003429413e-03
1.027039717882871628e-02
3.471459785941988230e-04
1.170638017356395721e-02
6.648593116551637650e-03
-2.897101512644439936e-04
-4.198299720883369446e-04
4.690090136136859655e-04
5.650653038173913956e-03
1.432553026825189590e-02
1.102561783045530319e-02
-3.329108236357569695e-03
-2.664283674675971270e-04
-1.328879880020394921e-04
-7.968857971718534827e-05
1.658456213772296906e-02
1.219087373465299606e-02
4.308683332055807114e-03
-3.424905298743396997e-04
-4.420742916408926249e-04
-3.167548216879367828e-03
-1.417174702510237694e-03
7.522267755120992661e-03
8.738937787711620331e-03
-3.576663439162075520e-04
-6.350237410515546799e-03
-6.681927479803562164e-04
1.124622952193021774e-02
3.999982960522174835e-03
8.112240582704544067e-03
-5.139730055816471577e-04
5.555735900998115540e-03
-3.927094512619078159e-04
1.354372594505548477e-02
-1.002528797835111618e-02
1.112905144691467285e-02
-7.311751600354909897e-03
1.238596811890602112e-02
5.074830725789070129e-03
4.950569011270999908e-03
-4.763898905366659164e-03
-7.524458342231810093e-04
1.050400640815496445e-02
-4.694817762356251478e-04
1.240190584212541580e-02
1.306564360857009888e-02
-5.431246827356517315e-04
-3.506250912323594093e-03
-1.210412665386684239e-04
-1.433267374522984028e-03
-3.321825352031737566e-04
6.900417152792215347e-03
1.163626834750175476e-02
8.553144289180636406e-04
6.570782046765089035e-03
-2.380023943260312080e-04
-2.739324700087308884e-04
4.132153932005167007e-03
-1.827964297262951732e-04
-5.033288616687059402e-04
4.404761828482151031e-03
-1.699420099612325430e-04
-3.712172619998455048e-04
-4.906758666038513184e-03
8.839858695864677429e-03
1.250272151082754135e-02
9.548331610858440399e-03
9.610761888325214386e-03
1.123844273388385773e-02
4.888927564024925232e-03
-4.369385133031755686e-04
-4.329268122091889381e-04
1.673740148544311523e-02
1.363331824541091919e-02
-2.414633636362850666e-04
8.297543972730636597e-03
1.209644228219985962e-02
-2.719955518841743469e-04
-1.595480251125991344e-03
-6.667819106951355934e-04
-3.767239104490727186e-04
1.033231429755687714e-02
-2.181094605475664139e-03
1.147366128861904144e-02
-3.774491488002240658e-04
-3.931106475647538900e-04
-1.365809293929487467e-04
-1.820667384890839458e-04
5.109498277306556702e-03
4.857742227613925934e-03
-4.421902413014322519e-04
2.418681746348738670e-03
-5.927126621827483177e-04
-3.750578034669160843e-04
1.603717915713787079e-02
1.280812546610832214e-02
8.591991849243640900e-03
-3.619031049311161041e-04
1.102706417441368103e-02
7.435224018990993500e-03
-6.386838387697935104e-03
-3.099532914347946644e-04
-1.791981421411037445e-02
-1.548325526528060436e-03
6.938996259123086929e-03
-3.634011372923851013e-04
6.457330659031867981e-03
-3.315352078061550856e-04
3.734156722202897072e-03
1.163701899349689484e-02
2.022047759965062141e-03
-3.190416027791798115e-04
3.136976622045040131e-03
-4.251796635799109936e-04
-4.534051113296300173e-04
6.195410969667136669e-05
7.589831016957759857e-03
1.461177039891481400e-02
-4.049151903018355370e-04
1.008965633809566498e-02
-2.533448860049247742e-04
-4.627563466783612967e-04
1.167370658367872238e-02
1.793288625776767731e-02
-2.626513596624135971e-04
4.006930626928806305e-03
-4.136612638831138611e-03
1.997090876102447510e-02
-5.493536591529846191e-04
-2.910962793976068497e-04
7.956313900649547577e-03
-5.657919100485742092e-04
-2.653038827702403069e-03
-5.511495401151478291e-04
-2.705854421947151423e-04
-3.906507045030593872e-04
1.242898032069206238e-02
5.843377439305186272e-04
1.750235795043408871e-03
1.021364610642194748e-02
-6.103302002884447575e-04
-4.344520275481045246e-04
-4.419023462105542421e-04
-2.979860408231616020e-03
-1.049587968736886978e-02
-1.154330821009352803e-04
-5.052929045632481575e-04
6.497737485915422440e-03
1.210853271186351776e-02
1.388996932655572891e-02
-8.809521677903831005e-04
-4.184060380794107914e-04
1.176697202026844025e-02
7.390820421278476715e-03
-3.003875899594277143e-04
3.647929523140192032e-03
-4.833212879020720720e-04
-4.264767339918762445e-04
-3.488735819701105356e-04
-9.218006744049489498e-05
-2.768064383417367935e-03
-2.353147865505889058e-04
1.353858038783073425e-02
7.626374135725200176e-04
1.022708509117364883e-02
-4.613985947798937559e-04
5.156276747584342957e-03
4.018399864435195923e-03
5.283676087856292725e-03
-3.815411182586103678e-04
-5.572343943640589714e-04
-3.659808135125786066e-04
1.412482280284166336e-02
-4.628543101716786623e-04
-5.062021082267165184e-04
-6.428468623198568821e-04
-4.680631682276725769e-03
2.666805405169725418e-03
5.726154427975416183e-03
2.428276697173714638e-03
-2.184095355914905667e-04
2.384589286521077156e-03
-3.688707365654408932e-04
9.380076080560684204e-03
1.010965928435325623e-02
-2.089107583742588758e-04
9.692527353763580322e-03
-4.435759037733078003e-04
-7.676497334614396095e-04
-1.790375821292400360e-02
1.520270481705665588e-03
1.210773177444934845e-02
2.759401686489582062e-03
-1.402644673362374306e-03
4.040709231048822403e-03
-3.429382340982556343e-04
-5.377694498747587204e-03
-2.152545785065740347e-04
7.569144479930400848e-03
-1.143083572969771922e-04
5.062544718384742737e-03
-1.088270451873540878e-03
-3.971973492298275232e-04
6.429268047213554382e-03
2.399547211825847626e-02
1.350680831819772720e-02
1.088058808818459511e-03
-4.131084715481847525e-04
1.077087037265300751e-02
1.042018923908472061e-02
1.798693463206291199e-02
1.840044511482119560e-03
-1.514609530568122864e-02
1.390697900205850601e-02
-3.754286153707653284e-04
-4.788038786500692368e-03
-2.923496358562260866e-04
-4.597420338541269302e-03
-5.005158891435712576e-05
-2.700770564842969179e-04
9.499483741819858551e-03
-4.846721421927213669e-04
-4.962091916240751743e-04
1.209541503340005875e-02
-7.628351886523887515e-05
2.561654336750507355e-02
6.753962952643632889e-03
-2.658065350260585546e-04
1.238789968192577362e-02
1.507044862955808640e-02
9.815300814807415009e-03
-3.998509608209133148e-03
