2.121372371912002563e-01
2.019337415695190430e+00
-3.002695972099900246e-03
-3.002675017341971397e-03
-1.536892294883728027e+00
2.977775633335113525e-01
-3.002723911777138710e-03
1.252014040946960449e-01
-3.002624958753585815e-03
-3.002539277076721191e-03
-1.655654311180114746e+00
1.401311874389648438e+00
-3.002729965373873711e-03
-4.235443472862243652e-01
-3.002370940521359444e-03
4.384470582008361816e-01
4.325396716594696045e-01
-2.992492169141769409e-03
-2.318896949291229248e-01
1.266376227140426636e-01
-1.437995791435241699e+00
-3.002700628712773323e-03
-3.000042168423533440e-03
-3.002634504809975624e-03
-3.002681769430637360e-03
-1.944233775138854980e+00
-3.002543933689594269e-03
-3.001417499035596848e-03
-3.002720419317483902e-03
-3.002599580213427544e-03
-3.002521116286516190e-03
3.438456952571868896e-01
-3.029653728008270264e-01
2.154845595359802246e-01
-3.002631245180964470e-03
-3.001370932906866074e-03
-3.002736950293183327e-03
-3.000941360369324684e-03
1.976015090942382812e+00
-3.002736950293183327e-03
-3.002681070938706398e-03
1.589901186525821686e-02
4.843143522739410400e-01
-3.002717625349760056e-03
2.086349725723266602e-01
-3.002566285431385040e-03
-3.002729499712586403e-03
-3.002191195264458656e-03
-3.002723213285207748e-03
8.377309441566467285e-01
-3.002701560035347939e-03
-3.002391662448644638e-03
-3.002658253535628319e-03
8.642838001251220703e-01
9.328878521919250488e-01
-3.002732759341597557e-03
-3.000042168423533440e-03
-3.002703189849853516e-03
2.538025677204132080e-01
1.214440822601318359e+00
-3.002727869898080826e-03
-3.002673853188753128e-03
8.720690608024597168e-01
-3.002556040883064270e-03
3.784883916378021240e-01
-3.002741141244769096e-03
-3.002703189849853516e-03
2.015737742185592651e-01
-3.002595156431198120e-03
2.713534235954284668e-01
-3.002711571753025055e-03
7.946245074272155762e-01
-3.002672223374247551e-03
-3.002704819664359093e-03
1.543437719345092773e+00
-3.002649638801813126e-03
5.226548910140991211e-01
-3.002624260261654854e-03
-9.872481971979141235e-02
-3.002691548317670822e-03
4.958599805831909180e-01
-3.002623328939080238e-03
-3.002539044246077538e-03
-3.002649638801813126e-03
-3.777030482888221741e-02
-3.002193989232182503e-03
-3.002719255164265633e-03
1.199202179908752441e+00
-3.002695739269256592e-03
1.243450269103050232e-01
-1.298300921916961670e-02
1.364740729331970215e+00
-3.002542536705732346e-03
-3.002709476277232170e-03
4.867128431797027588e-01
4.949384331703186035e-01
6.367459148168563843e-02
1.140969514846801758e+00
-3.002573736011981964e-03
7.937546372413635254e-01
-3.002711338922381401e-03
-3.002607962116599083e-03
2.551650106906890869e-01
-2.999417949467897415e-03
-3.001163247972726822e-03
1.200762748718261719e+00
-3.002716461196541786e-03
-3.002647543326020241e-03
7.102679610252380371e-01
-3.002670593559741974e-03
7.613153457641601562e-01
-8.924109488725662231e-02
2.220546454191207886e-02
3.856938183307647705e-01
8.868121504783630371e-01
-3.002655459567904472e-03
8.681423664093017578e-01
-8.286113142967224121e-01
-3.002671990543603897e-03
5.739762783050537109e-01
-3.002741606906056404e-03
1.018898934125900269e-01
9.683861583471298218e-02
-3.002729266881942749e-03
2.241267442703247070e+00
3.405836597084999084e-02
-3.002672921866178513e-03
3.471751883625984192e-02
-3.002608660608530045e-03
-3.002731828019022942e-03
-3.002586774528026581e-03
1.115132331848144531e+00
-3.002486191689968109e-03
2.149509191513061523e+00
1.093724966049194336e+00
-3.002613317221403122e-03
1.187506243586540222e-01
6.097455620765686035e-01
-3.002655925229191780e-03
-3.002690151333808899e-03
-3.002738812938332558e-03
6.095412373542785645e-01
-3.002716694027185440e-03
2.408547550439834595e-01
1.233685612678527832e-01
6.754692792892456055e-01
-3.002689220011234283e-03
-3.002734621986746788e-03
3.058585226535797119e-01
1.408613920211791992e+00
-3.002724144607782364e-03
1.112056374549865723e+00
-6.066657602787017822e-02
1.389389038085937500e-01
-3.002600045874714851e-03
-3.002695040777325630e-03
-3.002708544954657555e-03
-3.002444747835397720e-03
5.553854703903198242e-01
1.415013909339904785e+00
-3.002366283908486366e-03
-3.002721117809414864e-03
-3.002332290634512901e-03
-3.002655459567904472e-03
-3.002627752721309662e-03
2.909796953201293945e+00
5.963550209999084473e-01
1.773426532745361328e-01
-3.002618206664919853e-03
-3.002010285854339600e-03
-3.002726938575506210e-03
1.487022757530212402e+00
-3.002252662554383278e-03
-1.491632405668497086e-02
-3.002731595188379288e-03
-3.002730198204517365e-03
-2.998794429004192352e-03
1.499566584825515747e-01
-2.295370772480964661e-02
-3.002371406182646751e-03
-3.002671059221029282e-03
1.290520310401916504e+00
-3.813529759645462036e-02
2.759878396987915039e+00
1.822767853736877441e+00
-3.002641722559928894e-03
-3.002725075930356979e-03
-9.584967046976089478e-03
-5.015153810381889343e-02
-8.485025912523269653e-02
-3.002681769430637360e-03
1.581744700670242310e-01
1.145175695419311523e+00
-1.449084758758544922e+00
8.979243040084838867e-01
1.694405674934387207e+00
1.265876650810241699e+00
-3.002692246809601784e-03
-6.046842411160469055e-02
-3.002737881615757942e-03
-3.002598183229565620e-03
1.266119182109832764e-01
-3.002684330567717552e-03
-7.134832441806793213e-02
-3.002673387527465820e-03
-3.002703655511140823e-03
-3.002742538228631020e-03
3.797129690647125244e-01
-3.002534620463848114e-03
-3.002539509907364845e-03
9.365354776382446289e-01
-3.002719255164265633e-03
-1.733711361885070801e-01
-9.667133688926696777e-01
-3.002739744260907173e-03
3.351595103740692139e-01
4.911624267697334290e-02
-3.002695972099900246e-03
4.856567382812500000e-01
1.090276598930358887e+00
2.374861240386962891e-01
-3.002697369083762169e-03
3.428560018539428711e+00
1.663838475942611694e-01
-3.002667101100087166e-03
3.633674085140228271e-01
-3.002047305926680565e-03
-3.002597717568278313e-03
-3.002720652148127556e-03
6.255553662776947021e-02
-3.002698300406336784e-03
-3.002715529873967171e-03
-3.002739977091550827e-03
1.542987942695617676e+00
5.606018900871276855e-01
-3.002739278599619865e-03
-3.002717625349760056e-03
-4.033531993627548218e-02
-3.002677345648407936e-03
8.375112414360046387e-01
-3.002719720825552940e-03
-3.002734621986746788e-03
5.973386764526367188e-01
1.054257988929748535e+00
1.709965765476226807e-01
-3.002695972099900246e-03
-1.316550493240356445e+00
-3.002657322213053703e-03
-3.002336714416742325e-03
-3.002292709425091743e-03
-3.002510638907551765e-03
-3.002016106620430946e-03
1.732974529266357422e+00
-3.002702957019209862e-03
-3.001238219439983368e-03
1.350070238113403320e-01
