-2.187131904065608978e-03
8.675355464220046997e-03
4.674679599702358246e-03
-4.890736192464828491e-03
9.108125232160091400e-03
1.395410671830177307e-02
7.578230928629636765e-03
7.832994684576988220e-03
1.444191392511129379e-02
4.036381375044584274e-03
-1.532884128391742706e-02
2.655722200870513916e-03
-1.131307426840066910e-02
8.360778447240591049e-04
8.900831453502178192e-03
5.175961181521415710e-03
-2.539621666073799133e-03
1.389976218342781067e-02
7.134300656616687775e-03
1.141286548227071762e-02
-1.010629162192344666e-02
1.498515531420707703e-02
7.124257739633321762e-03
2.547506941482424736e-03
2.578679937869310379e-03
8.263359777629375458e-03
1.818665186874568462e-03
5.686641670763492584e-03
6.453453097492456436e-04
1.269537582993507385e-02
5.465918686240911484e-03
1.650015078485012054e-02
1.327304169535636902e-02
8.624520851299166679e-04
6.493160035461187363e-03
-4.059608036186546087e-04
2.653086557984352112e-03
-1.062619686126708984e-02
-5.506048910319805145e-03
1.100883074104785919e-02
8.742667734622955322e-03
1.008235942572355270e-02
1.374499965459108353e-02
-3.756832564249634743e-03
1.410892326384782791e-02
3.005554201081395149e-03
5.709883291274309158e-03
1.949691213667392731e-02
-1.906193327158689499e-03
-4.148422740399837494e-03
7.024115417152643204e-03
6.532283965498209000e-03
1.728895003907382488e-03
-8.186577819287776947e-03
3.406054107472300529e-03
-8.799732313491404057e-04
4.977018106728792191e-03
1.217820681631565094e-02
1.363152172416448593e-03
-7.355162408202886581e-03
3.628947772085666656e-03
6.054771598428487778e-03
-3.330837003886699677e-03
1.790341921150684357e-02
1.333848759531974792e-02
9.474711492657661438e-03
1.047770585864782333e-02
-9.771026670932769775e-03
2.725303871557116508e-03
-4.079062957316637039e-03
-1.675018854439258575e-02
1.218576170504093170e-02
-2.218231186270713806e-02
-4.728890489786863327e-03
-2.978134341537952423e-02
-1.846254453994333744e-03
2.049948088824748993e-02
3.259021788835525513e-03
1.612284965813159943e-02
2.329804934561252594e-03
4.789611790329217911e-03
8.245194330811500549e-03
4.746486898511648178e-03
1.445209793746471405e-02
-1.038914266973733902e-02
4.827564698643982410e-04
-4.019863437861204147e-03
3.058501752093434334e-03
-1.057221088558435440e-02
5.325922276824712753e-03
-1.431683730334043503e-02
9.130856022238731384e-03
-5.867896135896444321e-03
3.139818552881479263e-03
2.860828302800655365e-03
-3.919287119060754776e-03
5.493096075952053070e-03
1.478364318609237671e-02
5.963389994576573372e-04
1.867652870714664459e-02
4.607889335602521896e-03
5.564833525568246841e-03
1.192232710309326649e-03
-5.426397547125816345e-03
1.152872946113348007e-02
-2.980892360210418701e-02
6.043049041181802750e-03
8.082450367510318756e-03
4.132323432713747025e-03
1.039290800690650940e-03
1.332768052816390991e-02
-8.468054234981536865e-03
-5.088532809168100357e-03
1.792828738689422607e-02
7.055059541016817093e-03
-1.045497367158532143e-03
-2.898864448070526123e-03
1.536523923277854919e-03
1.593014597892761230e-02
4.476657602936029434e-03
8.841974660754203796e-03
1.066467538475990295e-02
8.479426614940166473e-03
1.405086647719144821e-02
1.296136341989040375e-02
1.507651340216398239e-02
9.816896170377731323e-03
2.736197202466428280e-04
1.916497712954878807e-03
1.597295864485204220e-03
9.542033658362925053e-04
-1.323822420090436935e-02
-6.411299575120210648e-03
-1.922802417539060116e-03
7.425883784890174866e-03
6.094044074416160583e-03
-3.626721445471048355e-03
-2.446768572553992271e-03
3.090003272518515587e-03
9.697295026853680611e-04
9.663944132626056671e-03
9.423189796507358551e-03
-4.339952429290860891e-04
1.027058623731136322e-02
8.956504985690116882e-03
5.782684311270713806e-03
1.861650380305945873e-03
1.352549344301223755e-02
-3.383012488484382629e-03
7.044876459985971451e-03
7.899289019405841827e-03
2.459078095853328705e-03
1.080517005175352097e-02
-4.389519803225994110e-03
8.637124672532081604e-03
1.358257979154586792e-02
-3.031655214726924896e-03
-1.228987355716526508e-03
-6.224682088941335678e-03
6.624230649322271347e-03
1.356248743832111359e-02
-1.142602413892745972e-03
1.242439448833465576e-02
1.470786402933299541e-03
4.992535803467035294e-03
1.523080840706825256e-02
9.280983358621597290e-03
-2.019098261371254921e-03
-1.330591476289555430e-04
1.076382771134376526e-02
-1.097424607723951340e-02
1.248371787369251251e-02
-4.479597322642803192e-03
1.180292200297117233e-02
9.347056038677692413e-03
2.368140732869505882e-03
1.078678574413061142e-02
6.654866505414247513e-03
-9.858252480626106262e-03
5.133996251970529556e-03
5.205406341701745987e-03
-6.795301567763090134e-03
1.422794070094823837e-03
8.193371817469596863e-03
1.179792080074548721e-02
5.150263197720050812e-03
3.588117426261305809e-03
2.307419432327151299e-03
1.147085893899202347e-02
1.032079476863145828e-02
-2.830608515068888664e-03
-5.071080755442380905e-03
-3.789851325564086437e-04
5.516562610864639282e-03
5.092462990432977676e-03
1.116260141134262085e-02
-1.618357375264167786e-02
1.454732939600944519e-02
-3.291298635303974152e-04
9.902544319629669189e-03
-7.421064190566539764e-03
-2.286579459905624390e-03
1.446115411818027496e-02
8.526377496309578419e-04
1.105617498978972435e-03
-3.056090790778398514e-04
1.390919089317321777e-02
4.954164382070302963e-03
-7.878367789089679718e-03
-1.171229965984821320e-02
-5.916520021855831146e-04
1.672300323843955994e-02
7.418413180857896805e-03
-7.830327376723289490e-03
-6.522963754832744598e-03
6.277339998632669449e-03
-1.740771532058715820e-02
1.503743231296539307e-02
3.732312179636210203e-04
-2.141967415809631348e-03
-1.639084774069488049e-03
-1.248635118827223778e-03
-9.997943416237831116e-03
-1.801251084543764591e-03
-6.355969235301017761e-03
4.652357660233974457e-03
4.171530716121196747e-03
-4.817852750420570374e-03
6.667380221188068390e-03
7.162305992096662521e-03
-5.415129009634256363e-03
8.250647224485874176e-03
-9.107004851102828979e-03
9.832378476858139038e-03
-8.616459555923938751e-03
9.644173085689544678e-03
-2.945340238511562347e-03
-7.183343172073364258e-03
1.026459597051143646e-02
-8.997707627713680267e-04
-5.965137970633804798e-04
-1.185625791549682617e-03
-8.735335431993007660e-03
-1.005985680967569351e-02
2.284077694639563560e-03
6.736263749189674854e-04
1.099285017699003220e-02
-1.166103174909949303e-03
-2.055204240605235100e-03
-8.698037825524806976e-03
-3.667059587314724922e-03
-7.152635371312499046e-04
-5.841198842972517014e-03
-2.590519725345075130e-04
-1.313434820622205734e-02
-5.101993680000305176e-03
