-5.548148751258850098e-01
-3.275302410125732422e+00
1.633807718753814697e-01
-3.265011310577392578e+00
-2.685269355773925781e+00
4.728633880615234375e+00
-5.902467250823974609e+00
-3.275719642639160156e+00
-2.422157764434814453e+00
3.185809612274169922e+00
-3.581287384033203125e+00
7.604572176933288574e-02
-1.901128768920898438e+00
-2.516018390655517578e+00
-1.568596839904785156e+00
-4.344088077545166016e+00
2.519148826599121094e+00
-3.648282051086425781e+00
-3.151889801025390625e+00
-3.123514056205749512e-01
-1.411250829696655273e+00
-3.272144198417663574e-01
-1.617040991783142090e+00
-1.641132473945617676e+00
1.468118190765380859e+00
-2.851111412048339844e+00
-2.772690534591674805e+00
-3.666152715682983398e+00
-5.658083558082580566e-01
-2.471320152282714844e+00
-1.179462790489196777e+00
-2.423205852508544922e+00
-1.512252330780029297e+00
-1.437376022338867188e+00
-2.541689157485961914e+00
-2.117565393447875977e+00
-3.617638826370239258e+00
-1.035096049308776855e+00
-3.746563911437988281e+00
-5.331311225891113281e-01
-3.301764011383056641e+00
-4.941357970237731934e-01
-3.496002435684204102e+00
-1.151888012886047363e+00
-1.141853332519531250e+00
-3.030170202255249023e+00
-2.082244157791137695e+00
-2.598611593246459961e+00
-2.801441192626953125e+00
-1.336464047431945801e+00
-3.235311985015869141e+00
-2.997167587280273438e+00
-2.884480953216552734e+00
-2.771631479263305664e+00
-1.165181517601013184e+00
-3.035644054412841797e+00
2.943891048431396484e+00
-2.499787569046020508e+00
-2.984164476394653320e+00
-8.541290760040283203e-01
-2.974965572357177734e+00
-2.619661808013916016e+00
2.157232284545898438e+00
-4.099831283092498779e-01
-2.226161241531372070e+00
-2.482857465744018555e+00
-2.975546836853027344e+00
4.646231532096862793e-01
-3.003186464309692383e+00
-1.495731711387634277e+00
-9.452012777328491211e-01
-1.826345562934875488e+00
-3.023793935775756836e+00
-3.983648538589477539e+00
-2.638640642166137695e+00
-3.112211704254150391e+00
-3.273197889328002930e+00
-1.429692506790161133e+00
-5.591235637664794922e+00
-2.477938652038574219e+00
-3.203328371047973633e+00
-1.665452122688293457e+00
-3.651626110076904297e+00
-3.047963857650756836e+00
-1.093466520309448242e+00
-2.342650890350341797e+00
-3.060292720794677734e+00
-5.253065228462219238e-01
-2.742777824401855469e+00
-2.346342086791992188e+00
-1.902770638465881348e+00
-2.694010972976684570e+00
-2.276980161666870117e+00
-2.680005550384521484e+00
-2.754484415054321289e+00
-1.254925131797790527e+00
-1.877450942993164062e+00
-1.336491227149963379e+00
-1.426257491111755371e+00
-4.123050212860107422e+00
-3.081414937973022461e+00
-2.493692636489868164e+00
-1.648952722549438477e+00
-2.894139528274536133e+00
-4.630585193634033203e+00
-1.999816298484802246e+00
-2.816665887832641602e+00
-2.740634918212890625e+00
-3.038799524307250977e+00
-1.881708383560180664e+00
-1.981415033340454102e+00
-3.080230236053466797e+00
-2.427131652832031250e+00
-1.860962986946105957e+00
-2.733970880508422852e+00
-3.074507474899291992e+00
2.390627861022949219e+00
-1.764923810958862305e+00
-1.614087700843811035e+00
-3.856342792510986328e+00
-2.427079677581787109e+00
2.045749902725219727e+00
-1.624693632125854492e+00
-2.979719400405883789e+00
-3.506950855255126953e+00
-9.182729125022888184e-01
-3.832633256912231445e+00
-3.205211400985717773e+00
-2.366072177886962891e+00
-3.130956649780273438e+00
-8.989077061414718628e-02
-2.487134933471679688e+00
6.795161217451095581e-02
-2.888392448425292969e+00
-3.401014804840087891e+00
-3.096013784408569336e+00
-2.023384809494018555e+00
-1.972165346145629883e+00
-2.135871410369873047e+00
-1.405169725418090820e+00
-2.930292367935180664e+00
-2.941387653350830078e+00
-2.826862096786499023e+00
4.024258255958557129e-02
-3.240855216979980469e+00
-1.572984337806701660e+00
-7.462781071662902832e-01
-1.877688050270080566e+00
-3.446819543838500977e+00
-3.204085826873779297e+00
-1.723110079765319824e+00
-1.608638048171997070e+00
-5.042413234710693359e+00
-2.090456247329711914e+00
-6.707235574722290039e-01
-1.035891413688659668e+00
-2.602711439132690430e+00
-3.354350805282592773e+00
-4.092098236083984375e+00
-2.445032119750976562e+00
-3.352723598480224609e+00
-4.854357719421386719e+00
-2.326253175735473633e+00
-4.585725784301757812e+00
-2.546425819396972656e+00
-1.609076380729675293e+00
-2.883728742599487305e+00
-5.601508617401123047e+00
-2.563119649887084961e+00
-1.583397090435028076e-01
-3.320426464080810547e+00
-2.925823688507080078e+00
2.158822774887084961e+00
-2.196743011474609375e+00
2.110246658325195312e+00
-3.139413520693778992e-02
-2.629749298095703125e+00
-1.816819012165069580e-01
-2.408851385116577148e+00
-2.525169372558593750e+00
-3.079706192016601562e+00
-4.168040156364440918e-01
-2.580700635910034180e+00
-1.790947794914245605e+00
-2.098787307739257812e+00
-8.999080061912536621e-01
-1.752797842025756836e+00
-7.579994797706604004e-01
-1.731146097183227539e+00
-3.300525665283203125e+00
-1.618402600288391113e+00
-5.541203022003173828e-01
-1.761693954467773438e+00
-3.985625267028808594e+00
-2.791931867599487305e+00
-2.910671949386596680e+00
-7.786248922348022461e-01
-1.815330386161804199e+00
-2.706839561462402344e+00
-4.079085826873779297e+00
2.809654474258422852e+00
-2.738358020782470703e+00
-1.556686758995056152e+00
-6.462273001670837402e-01
-2.178894996643066406e+00
-4.692428708076477051e-01
-2.016296386718750000e+00
-2.890993595123291016e+00
-1.437360644340515137e+00
-2.904083251953125000e+00
-3.778697252273559570e-01
-3.324856996536254883e+00
-1.035948038101196289e+00
-1.461411476135253906e+00
-2.957990646362304688e+00
-2.183010339736938477e+00
-3.369678020477294922e+00
-2.277924299240112305e+00
-2.310692787170410156e+00
-3.786199808120727539e+00
-7.442433834075927734e+00
-3.210980817675590515e-02
-5.343429446220397949e-01
-1.292496442794799805e+00
-1.416839957237243652e+00
-3.666991949081420898e+00
-2.916273355484008789e+00
-1.367171525955200195e+00
-1.178858637809753418e+00
-1.979951381683349609e+00
2.950564146041870117e+00
-4.651561260223388672e+00
-2.375393629074096680e+00
-3.495358228683471680e+00
-1.989172339439392090e+00
-3.974837541580200195e+00
-7.225511074066162109e-01
-3.322414875030517578e+00
4.453734397888183594e+00
-3.308153152465820312e+00
-1.074087738990783691e+00
-3.801718473434448242e+00
-3.014729022979736328e+00
-2.618903875350952148e+00
-3.405858039855957031e+00
-3.752821683883666992e+00
1.892450638115406036e-02
-2.934434175491333008e+00
-3.244027137756347656e+00
-2.479236841201782227e+00
-2.848066806793212891e+00
-2.898264646530151367e+00
-1.965976953506469727e+00
-1.819836974143981934e+00
-1.887129426002502441e+00
-2.408445596694946289e+00
