5.608342215418815613e-02
-2.230629790574312210e-03
-7.106088846921920776e-02
-7.405944168567657471e-02
3.369649499654769897e-02
2.058555558323860168e-02
3.125747665762901306e-02
-1.744315959513187408e-02
2.579300664365291595e-02
-1.101160142570734024e-02
1.736074872314929962e-02
3.547797724604606628e-02
3.063637763261795044e-02
3.931569308042526245e-02
5.390735343098640442e-02
5.651268735527992249e-02
3.996229544281959534e-02
4.000984132289886475e-02
3.135836217552423477e-03
4.892146214842796326e-02
2.248135767877101898e-02
7.812056224793195724e-03
3.005467168986797333e-02
3.027497045695781708e-02
2.621261635795235634e-03
3.124790452420711517e-02
6.633106619119644165e-02
4.952156450599431992e-03
6.942966487258672714e-03
-3.213246539235115051e-02
4.556339234113693237e-02
1.171592343598604202e-02
4.956751689314842224e-02
-7.829453796148300171e-03
2.500616014003753662e-02
2.345976978540420532e-02
7.510796934366226196e-02
3.013022243976593018e-02
7.832680828869342804e-03
-3.035162016749382019e-02
4.649168625473976135e-02
4.928381182253360748e-03
4.975606501102447510e-02
3.301984444260597229e-02
-4.239745065569877625e-02
-4.050470888614654541e-03
-3.029195219278335571e-02
-5.166635289788246155e-02
3.878333047032356262e-02
-1.036025467328727245e-03
1.055127475410699844e-03
4.215639457106590271e-02
-6.728339008986949921e-03
-2.238813787698745728e-02
3.759042546153068542e-02
-8.004718460142612457e-03
-2.061377745121717453e-03
1.434487011283636093e-02
-1.881914772093296051e-02
4.721648618578910828e-02
1.943765953183174133e-02
5.231895670294761658e-02
3.649950027465820312e-02
3.789046034216880798e-02
-4.798985645174980164e-02
3.409355878829956055e-02
2.609012462198734283e-02
-7.072253152728080750e-03
3.367589414119720459e-02
4.874041303992271423e-02
-1.755072176456451416e-02
1.392724458128213882e-02
3.201561793684959412e-02
4.263044521212577820e-02
2.803013846278190613e-02
-2.803146652877330780e-02
2.958957338705658913e-03
3.625356778502464294e-02
3.334296867251396179e-02
5.895863845944404602e-02
2.829311974346637726e-02
3.820759430527687073e-02
4.735665395855903625e-02
4.248223453760147095e-02
5.531101301312446594e-02
4.902907833456993103e-02
3.130413219332695007e-02
3.457088023424148560e-02
2.055260352790355682e-02
3.330552205443382263e-02
3.700690716505050659e-02
3.310346230864524841e-02
2.200409956276416779e-02
6.121629104018211365e-02
3.671229258179664612e-02
6.883676350116729736e-02
-2.491432242095470428e-02
3.471912816166877747e-02
2.877512201666831970e-02
-1.919479481875896454e-02
5.479352921247482300e-02
4.429312422871589661e-02
1.085519231855869293e-02
-1.461529545485973358e-02
5.741996318101882935e-02
2.712510153651237488e-02
2.576853148639202118e-02
2.346181124448776245e-02
-3.711422532796859741e-02
4.523464292287826538e-02
3.142556920647621155e-02
4.937426745891571045e-02
-1.228795759379863739e-02
-1.128172501921653748e-02
1.630859449505805969e-02
-9.841304272413253784e-03
3.020985238254070282e-02
4.843991715461015701e-03
1.945841126143932343e-02
2.950941026210784912e-02
6.166325509548187256e-02
-2.306815050542354584e-02
6.029765680432319641e-02
2.127813547849655151e-02
4.158771038055419922e-02
2.302518486976623535e-02
9.181669913232326508e-03
9.190110489726066589e-03
-3.904763981699943542e-02
3.467091545462608337e-02
2.359493076801300049e-02
5.398659780621528625e-02
4.174716770648956299e-02
3.266296163201332092e-02
7.612342014908790588e-04
3.577843680977821350e-02
1.680995151400566101e-02
3.712679445743560791e-02
4.828172177076339722e-02
2.905333787202835083e-02
3.475095704197883606e-02
2.913397178053855896e-02
1.528263837099075317e-02
4.191628191620111465e-03
1.660406822338700294e-03
5.238262191414833069e-02
-2.127822488546371460e-02
2.089185826480388641e-02
3.901891410350799561e-02
-3.672855719923973083e-02
6.711961328983306885e-02
3.668058663606643677e-02
-1.039364095777273178e-02
4.334744811058044434e-02
3.843925520777702332e-02
3.233799012377858162e-03
1.617246493697166443e-02
8.193559944629669189e-02
5.015607923269271851e-02
1.333007682114839554e-02
-1.079252175986766815e-02
3.673811629414558411e-02
-1.228044088929891586e-02
2.141449227929115295e-02
6.146318838000297546e-02
2.851340919733047485e-02
3.922225162386894226e-02
-3.729965165257453918e-02
1.597068645060062408e-02
3.480055928230285645e-02
-7.213651668280363083e-03
-1.957855559885501862e-02
-4.607861489057540894e-02
-5.919592827558517456e-02
2.087547257542610168e-02
-2.732435241341590881e-02
-1.925352588295936584e-02
1.293474994599819183e-02
-3.382721170783042908e-02
3.143876418471336365e-02
3.861275687813758850e-02
-3.205922618508338928e-02
7.003368227742612362e-04
3.024291992187500000e-02
6.843634881079196930e-03
-2.098174765706062317e-02
4.856281355023384094e-02
1.947180368006229401e-02
-2.245924808084964752e-02
-1.363625098019838333e-02
3.294983133673667908e-02
1.068169251084327698e-02
-6.834416836500167847e-02
-2.088584192097187042e-02
7.891570776700973511e-02
1.219468750059604645e-02
2.884805016219615936e-02
3.255945816636085510e-02
3.614091128110885620e-02
-1.700288429856300354e-02
-1.784111186861991882e-02
-4.758850112557411194e-02
-1.343851815909147263e-02
1.531830243766307831e-02
3.197157382965087891e-02
3.983261808753013611e-02
5.298271030187606812e-02
6.845479458570480347e-02
-2.190178819000720978e-02
1.786679215729236603e-02
5.049972236156463623e-02
7.801697123795747757e-03
6.534193456172943115e-02
-1.176151633262634277e-02
-2.787530189380049706e-03
5.154573917388916016e-02
4.578370973467826843e-02
-6.575576495379209518e-03
-5.873960908502340317e-03
6.007174029946327209e-02
-2.542612329125404358e-02
6.388768553733825684e-02
5.639187246561050415e-02
3.615545108914375305e-02
5.633144825696945190e-02
4.112956672906875610e-02
1.956789381802082062e-02
-1.507132034748792648e-02
-5.419432185590267181e-03
-1.549462415277957916e-02
6.220852956175804138e-03
2.710158936679363251e-02
1.711888238787651062e-02
1.825786754488945007e-02
1.826683874242007732e-03
6.305896211415529251e-03
1.133314613252878189e-02
-5.920199677348136902e-03
-2.478886023163795471e-02
-3.813224658370018005e-02
2.929918654263019562e-02
-5.337364040315151215e-03
4.730374738574028015e-02
-1.368750724941492081e-02
1.336122513748705387e-03
1.147562754340469837e-03
4.104685410857200623e-02
5.424322187900543213e-02
1.020342577248811722e-02
2.313772216439247131e-02
-2.026866748929023743e-02
4.671890754252672195e-03
-2.570858038961887360e-02
-1.829147711396217346e-02
-2.506496571004390717e-02
-6.561355292797088623e-02
