2.999536752700805664e+00
2.272439956665039062e+00
-3.002708312124013901e-03
-3.002681303769350052e-03
8.772503137588500977e-01
4.976973533630371094e+00
-3.002719255164265633e-03
2.281385421752929688e+00
-3.002672223374247551e-03
-3.002524608746170998e-03
1.190035462379455566e+00
1.068847179412841797e+00
-3.002729266881942749e-03
9.220657348632812500e-01
-3.002326237037777901e-03
4.031263887882232666e-01
1.404536008834838867e+00
-3.000750206410884857e-03
4.970989704132080078e+00
3.227478265762329102e-01
3.436615228652954102e+00
-3.002694807946681976e-03
-3.002522280439734459e-03
-3.002564422786235809e-03
-3.002643818035721779e-03
2.215220928192138672e+00
-3.002573736011981964e-03
-3.002047305926680565e-03
-3.002713667228817940e-03
-3.002611221745610237e-03
-3.002460347488522530e-03
5.895289182662963867e-01
2.378896236419677734e+00
-4.780273884534835815e-03
-3.002575598657131195e-03
-3.002146258950233459e-03
-3.002737881615757942e-03
-3.001048695296049118e-03
2.799396216869354248e-01
-3.002735786139965057e-03
-3.002696670591831207e-03
1.840277075767517090e+00
-2.527872323989868164e+00
-3.002722747623920441e-03
2.055304288864135742e+00
-3.002589801326394081e-03
-3.002726007252931595e-03
-3.002288285642862320e-03
-3.002722747623920441e-03
1.428528666496276855e+00
-3.002692945301532745e-03
-3.002572804689407349e-03
-3.002662677317857742e-03
1.707166910171508789e+00
1.064772963523864746e+00
-3.002729499712586403e-03
-3.000309690833091736e-03
-3.002705750986933708e-03
7.320533394813537598e-01
5.597882270812988281e+00
-3.002729034051299095e-03
-3.002671757712960243e-03
4.932061195373535156e+00
-3.002545563504099846e-03
3.001762628555297852e-01
-3.002742072567343712e-03
-3.002705052495002747e-03
8.252134919166564941e-01
-3.002610057592391968e-03
2.611132621765136719e+00
-3.002713667228817940e-03
-8.614354580640792847e-02
-3.002675948664546013e-03
-3.002705052495002747e-03
1.413448691368103027e+00
-3.002679673954844475e-03
2.381939411163330078e+00
-3.002594690769910812e-03
1.946829855442047119e-01
-3.002682467922568321e-03
6.011339426040649414e-01
-3.002662444487214088e-03
-3.002565819770097733e-03
-3.002655692398548126e-03
4.677032828330993652e-01
-3.001556498929858208e-03
-3.002730198204517365e-03
3.293804645538330078e+00
-3.002689452841877937e-03
2.555517852306365967e-01
1.700057387351989746e-01
8.677418828010559082e-01
-3.002528101205825806e-03
-3.002708312124013901e-03
7.534210085868835449e-01
1.909044384956359863e+00
6.380022168159484863e-01
8.419104814529418945e-01
-3.002546960487961769e-03
2.882089614868164062e+00
-3.002707846462726593e-03
-3.002615645527839661e-03
3.083572149276733398e+00
-3.000756260007619858e-03
-3.000835655257105827e-03
4.547823965549468994e-01
-3.002721583470702171e-03
-3.002628451213240623e-03
1.884949088096618652e+00
-3.002671059221029282e-03
2.281547307968139648e+00
-4.634815827012062073e-02
1.039925575256347656e+00
4.788204193115234375e+00
-1.161966025829315186e-01
-3.002646844834089279e-03
8.583462834358215332e-01
3.819228887557983398e+00
-3.002680605277419090e-03
2.976333856582641602e+00
-3.002741839736700058e-03
-4.357239603996276855e-02
3.512169837951660156e+00
-3.002729266881942749e-03
3.084314346313476562e+00
2.821082592010498047e+00
-3.002671059221029282e-03
1.710416913032531738e+00
-3.002619137987494469e-03
-3.002729499712586403e-03
-3.002593060955405235e-03
5.830390453338623047e-01
-3.002543933689594269e-03
2.051355838775634766e+00
1.076916828751564026e-01
-3.002662677317857742e-03
1.357278943061828613e+00
1.405701279640197754e+00
-3.002531593665480614e-03
-3.002675948664546013e-03
-3.002738812938332558e-03
8.155720829963684082e-01
-3.002713201567530632e-03
1.905106157064437866e-01
1.682592034339904785e+00
1.583551883697509766e+00
-3.002663375809788704e-03
-3.002734156325459480e-03
1.681364178657531738e+00
7.849535346031188965e-01
-3.002721117809414864e-03
5.385282039642333984e-01
3.414433717727661133e+00
1.341254949569702148e+00
-3.002615878358483315e-03
-3.002695739269256592e-03
-3.002718556672334671e-03
-3.002597019076347351e-03
9.079078435897827148e-01
3.859651327133178711e+00
-3.002380253747105598e-03
-3.002722281962633133e-03
-3.002316458150744438e-03
-3.002690151333808899e-03
-3.002595389261841774e-03
1.573138356208801270e+00
5.454635143280029297e+00
1.194383025169372559e+00
-3.002648474648594856e-03
-3.002165583893656731e-03
-3.002729266881942749e-03
8.643090128898620605e-01
-3.002214245498180389e-03
1.867274165153503418e+00
-3.002732759341597557e-03
-3.002732293680310249e-03
-2.998633310198783875e-03
2.609984874725341797e+00
2.956245839595794678e-01
-3.002426354214549065e-03
-3.002690849825739861e-03
-2.729454517364501953e+00
1.668464422225952148e+00
1.199719786643981934e+00
-2.471482157707214355e-01
-3.002671059221029282e-03
-3.002726472914218903e-03
-2.984911203384399414e-03
4.203102588653564453e-01
2.978414297103881836e-01
-3.002694575116038322e-03
-2.599687099456787109e+00
1.507567286491394043e+00
1.419163197278976440e-01
1.186334848403930664e+00
2.791129350662231445e-01
2.081588745117187500e+00
-3.002690384164452553e-03
2.079849958419799805e+00
-3.002737648785114288e-03
-3.002595854923129082e-03
1.025959029793739319e-01
-3.002692246809601784e-03
1.044192090630531311e-01
-3.002661047503352165e-03
-3.002711804583668709e-03
-3.002742538228631020e-03
1.711907267570495605e+00
-3.002575365826487541e-03
-3.002636134624481201e-03
-2.210318803787231445e+00
-3.002718789502978325e-03
3.323555469512939453e+00
1.229460477828979492e+00
-3.002739744260907173e-03
2.330569982528686523e+00
1.085568547248840332e+00
-3.002704354003071785e-03
-3.914716467261314392e-02
2.370889663696289062e+00
1.829087376594543457e+00
-3.002684097737073898e-03
1.404820978641510010e-01
4.496550261974334717e-01
-3.002669196575880051e-03
7.096086740493774414e-01
-3.002020996063947678e-03
-3.002631478011608124e-03
-3.002721350640058517e-03
-1.093582659959793091e-01
-3.002711338922381401e-03
-3.002713900059461594e-03
-3.002738580107688904e-03
1.912169098854064941e+00
5.119051337242126465e-01
-3.002739977091550827e-03
-3.002719720825552940e-03
4.760894775390625000e+00
-3.002681769430637360e-03
5.495726585388183594e+00
-3.002716461196541786e-03
-3.002731362357735634e-03
9.929822087287902832e-01
2.203557938337326050e-01
1.955402731895446777e+00
-3.002702491357922554e-03
7.094846963882446289e-01
-3.002655925229191780e-03
-3.002390731126070023e-03
-3.002359764650464058e-03
-3.002541838213801384e-03
-3.001958830282092094e-03
1.054812669754028320e+00
-3.002703655511140823e-03
-3.000957192853093147e-03
1.755573511123657227e+00
