1.493033394217491150e-02
-6.281675305217504501e-04
-3.586277307476848364e-04
-1.362672168761491776e-02
-7.350161671638488770e-03
3.463762998580932617e-02
-3.546091611497104168e-04
1.726230548229068518e-04
7.411859114654362202e-04
2.749586012214422226e-03
2.568662166595458984e-03
-3.301180258858948946e-04
-7.332262466661632061e-04
-5.545502644963562489e-04
-4.211970663163810968e-04
-6.848842604085803032e-04
2.459817938506603241e-02
2.712219208478927612e-02
5.062724929302930832e-03
-9.655131027102470398e-03
2.094036713242530823e-02
9.487289935350418091e-03
-4.066628462169319391e-04
3.124381229281425476e-02
-3.991630510427057743e-04
-3.686625859700143337e-04
-2.270464610774070024e-04
4.105548933148384094e-02
-1.289339154027402401e-03
2.975198067724704742e-02
2.706792019307613373e-02
-4.817598965018987656e-04
1.202767249196767807e-02
2.061423473060131073e-02
2.785636112093925476e-03
6.052707787603139877e-03
-4.694136441685259342e-04
2.063648775219917297e-02
2.271557413041591644e-02
1.286004018038511276e-02
-3.633210668340325356e-03
1.676604151725769043e-02
2.190735377371311188e-02
-1.233825832605361938e-02
2.066677249968051910e-02
3.371315449476242065e-02
4.043414071202278137e-02
6.399283651262521744e-03
-2.822369860950857401e-04
-3.619224007707089186e-04
3.419505897909402847e-03
-5.019862437620759010e-04
1.228276547044515610e-02
-3.269445896148681641e-02
2.878879569470882416e-02
-4.064038768410682678e-02
-5.462731933221220970e-04
-3.999246691819280386e-04
-5.003584548830986023e-03
4.935054853558540344e-02
3.069750405848026276e-02
5.302236881107091904e-03
-7.158666267059743404e-04
2.179527282714843750e-02
-3.156123450025916100e-03
1.336556114256381989e-02
-7.065549492835998535e-03
2.840479090809822083e-02
3.694284940138459206e-03
-5.991649813950061798e-04
6.757150986231863499e-04
1.800601836293935776e-03
4.620002582669258118e-02
8.094833465293049812e-04
9.985716082155704498e-03
-6.714702467434108257e-04
1.639652810990810394e-02
-2.390777459368109703e-03
3.504606336355209351e-02
-2.856772625818848610e-04
-5.054648499935865402e-04
3.225310891866683960e-02
3.233686089515686035e-02
-4.257693886756896973e-02
2.154482994228601456e-03
-6.715930067002773285e-03
-3.794929385185241699e-02
2.995538897812366486e-02
1.543288957327604294e-02
9.658458642661571503e-03
-4.942172206938266754e-03
-8.574011735618114471e-03
1.583505421876907349e-02
-1.120696309953927994e-02
4.535338655114173889e-02
7.362734526395797729e-03
1.141954958438873291e-02
-9.615328162908554077e-03
4.604657739400863647e-02
-1.543785445392131805e-02
-5.478253588080406189e-04
1.757892780005931854e-02
3.478515194728970528e-03
5.176175758242607117e-02
-4.648312169592827559e-04
-4.176532675046473742e-04
2.842451259493827820e-02
-8.623303845524787903e-03
-2.912474155891686678e-04
-3.914863918907940388e-04
1.995475031435489655e-03
2.346119284629821777e-02
2.520030364394187927e-02
9.988094680011272430e-03
2.538610016927123070e-03
5.187942180782556534e-03
1.117205340415239334e-02
-5.569874309003353119e-03
2.447494678199291229e-02
-1.012193970382213593e-03
5.650304257869720459e-03
-3.130044089630246162e-03
6.285311537794768810e-04
-6.046006456017494202e-04
-1.271815970540046692e-02
-4.086664319038391113e-02
1.610283553600311279e-02
-1.020093075931072235e-02
2.629559859633445740e-02
4.223690927028656006e-02
5.274340976029634476e-03
2.691086195409297943e-02
1.377902738749980927e-02
5.580256879329681396e-02
-4.032435826957225800e-04
1.449616812169551849e-02
-7.987672463059425354e-03
4.203113541007041931e-02
-3.468169306870549917e-04
-3.772437106817960739e-03
-6.227004341781139374e-04
-3.694083914160728455e-02
2.083395048975944519e-02
1.032899878919124603e-02
1.940683461725711823e-02
-1.159238256514072418e-02
2.862697094678878784e-02
3.986537083983421326e-02
5.952573940157890320e-02
2.909388951957225800e-02
-2.236902900040149689e-02
-3.514326643198728561e-03
-4.836971056647598743e-04
7.468361873179674149e-03
4.967783018946647644e-02
-2.356655895709991455e-03
1.167607586830854416e-02
1.686341129243373871e-02
1.073977723717689514e-02
3.218260826542973518e-03
1.204293780028820038e-02
2.739669010043144226e-02
3.217400750145316124e-03
-1.414494821801781654e-03
2.963903732597827911e-02
-7.798281498253345490e-03
2.442700043320655823e-02
-4.951492883265018463e-03
2.870362950488924980e-03
2.115598134696483612e-02
1.639638654887676239e-02
-3.277929790783673525e-04
3.038288652896881104e-02
1.766600646078586578e-02
-4.144927486777305603e-03
1.336538325995206833e-02
9.537956677377223969e-03
3.430915297940373421e-03
-5.184215842746198177e-04
-5.656272987835109234e-04
1.398487854748964310e-02
4.425466177053749561e-04
1.669999212026596069e-02
1.308164466172456741e-02
-1.723592053167521954e-03
-3.222281229682266712e-04
-8.380927611142396927e-04
-2.922262065112590790e-04
2.273972611874341965e-03
-4.689440538641065359e-04
-1.499152276664972305e-04
-5.565659375861287117e-04
1.047028321772813797e-02
2.013433258980512619e-03
5.452340701594948769e-04
-5.097485845908522606e-04
-6.771294865757226944e-03
-7.243956206366419792e-04
-5.229317583143711090e-03
2.012658119201660156e-02
-4.619469400495290756e-04
5.670746322721242905e-04
3.420260734856128693e-03
1.267681643366813660e-02
-5.851135356351733208e-04
1.661745458841323853e-02
2.282365970313549042e-02
-2.003371156752109528e-02
-5.114208906888961792e-04
7.016560994088649750e-03
7.206972222775220871e-03
-7.408995879814028740e-04
1.516221091151237488e-02
-5.529768532142043114e-04
1.423080265522003174e-02
-7.740382105112075806e-03
1.366378157399594784e-03
1.551261916756629944e-02
3.021746315062046051e-02
-2.789867285173386335e-04
-1.757162064313888550e-02
2.746551297605037689e-03
1.248442288488149643e-02
5.262333154678344727e-02
2.700388990342617035e-02
-5.322205834090709686e-04
-8.302612230181694031e-03
3.959501907229423523e-02
-4.295976832509040833e-04
5.425494909286499023e-02
-8.617811836302280426e-04
-4.349654540419578552e-02
-3.324517980217933655e-02
1.502289250493049622e-02
2.335232123732566833e-02
-4.388411180116236210e-04
-4.910804796963930130e-03
2.291389927268028259e-02
-2.080066129565238953e-02
-2.014390891417860985e-03
3.940263704862445593e-04
-2.240007044747471809e-03
1.282370742410421371e-02
-2.418926014797762036e-04
3.714451193809509277e-02
2.068257331848144531e-02
3.526675701141357422e-02
1.740056276321411133e-02
3.490531118586659431e-03
5.778915714472532272e-03
1.940589165315032005e-03
1.161364838480949402e-02
-5.349506391212344170e-04
1.998443901538848877e-02
-3.175587859004735947e-03
1.668829470872879028e-02
