-5.405179411172866821e-02
1.877753296867012978e-03
1.526459306478500366e-02
1.722798496484756470e-02
6.871099583804607391e-03
1.676111295819282532e-02
3.966635838150978088e-02
4.362323135137557983e-02
2.738511748611927032e-02
2.970158867537975311e-02
-1.110460087656974792e-01
3.514890745282173157e-02
3.348012268543243408e-02
-2.291610278189182281e-02
2.320300787687301636e-02
-5.833251774311065674e-02
1.334981247782707214e-02
1.464636158198118210e-02
3.497391566634178162e-02
5.512805283069610596e-02
2.676638774573802948e-02
1.935935020446777344e-02
3.849138692021369934e-02
5.218042805790901184e-02
1.999649219214916229e-02
1.317951176315546036e-02
2.341595292091369629e-02
4.998283460736274719e-02
1.217927783727645874e-02
-1.156996116042137146e-01
4.055568948388099670e-02
2.816258929669857025e-02
1.625798828899860382e-02
3.474463522434234619e-02
2.104224450886249542e-02
2.675078436732292175e-02
2.934291400015354156e-02
2.800522930920124054e-02
2.364509925246238708e-02
1.286677271127700806e-02
1.082844752818346024e-02
1.944951526820659637e-02
2.470414899289608002e-02
3.209889307618141174e-02
3.759197518229484558e-02
1.239225454628467560e-02
2.625462785363197327e-02
6.685074418783187866e-03
2.283169701695442200e-02
4.275113344192504883e-02
5.220795050263404846e-02
1.763704977929592133e-02
4.086701571941375732e-02
-4.659983143210411072e-02
-1.053653433918952942e-01
1.326629705727100372e-02
2.630808763206005096e-02
1.351921446621417999e-02
4.004884138703346252e-02
4.899705760180950165e-03
9.557119570672512054e-03
4.932807758450508118e-02
3.395437821745872498e-02
3.675120696425437927e-02
2.197759412229061127e-02
2.482056058943271637e-02
4.011299461126327515e-02
8.157054334878921509e-02
-2.833756990730762482e-02
3.477842360734939575e-02
2.694961149245500565e-03
3.406340256333351135e-02
5.798790603876113892e-02
4.816671460866928101e-02
2.229809388518333435e-02
3.047187440097332001e-02
5.782397091388702393e-02
2.076317369937896729e-02
4.969033971428871155e-02
1.433797273784875870e-02
4.256824404001235962e-02
4.876361228525638580e-03
2.410963363945484161e-02
4.136066138744354248e-02
3.988011553883552551e-02
3.656471148133277893e-02
2.880536951124668121e-02
1.520219258964061737e-03
4.896339774131774902e-02
6.004086136817932129e-02
8.698210120201110840e-03
1.821316778659820557e-02
6.895147264003753662e-02
4.282709211111068726e-02
6.676422059535980225e-02
5.705336108803749084e-03
6.848940998315811157e-02
4.401005804538726807e-03
-1.366989687085151672e-03
3.894315659999847412e-02
6.162556260824203491e-02
2.987667731940746307e-02
-5.937342718243598938e-02
-7.805320620536804199e-02
5.673503875732421875e-02
3.111077472567558289e-02
-1.542859943583607674e-03
3.071510791778564453e-02
3.927543759346008301e-02
2.331643551588058472e-02
4.503991827368736267e-02
4.191669821739196777e-02
3.432070091366767883e-02
6.692916154861450195e-02
3.820871189236640930e-02
2.345245331525802612e-02
2.461887151002883911e-02
2.006029337644577026e-02
3.102379478514194489e-02
4.109208658337593079e-02
3.257134556770324707e-02
-9.116682410240173340e-02
-5.920210480690002441e-02
5.237472802400588989e-02
1.001575146801769733e-03
6.257547065615653992e-03
1.344179175794124603e-02
2.613649331033229828e-02
4.098677262663841248e-02
1.537607889622449875e-02
2.361111156642436981e-02
-6.310437619686126709e-02
3.446428477764129639e-02
6.319867819547653198e-02
1.707686111330986023e-02
3.335135430097579956e-02
-9.373473003506660461e-03
-8.187785744667053223e-03
3.353694453835487366e-02
-4.871297627687454224e-02
4.570410773158073425e-02
5.282339826226234436e-02
3.013627789914608002e-02
3.414274752140045166e-02
6.720075011253356934e-02
4.896232485771179199e-02
7.063005585223436356e-03
2.867027185857295990e-02
3.360878676176071167e-02
2.504579164087772369e-02
3.112670267000794411e-03
5.178707093000411987e-02
2.608879469335079193e-02
-5.265805125236511230e-02
4.052773118019104004e-02
4.584478586912155151e-02
3.477263450622558594e-02
9.921016171574592590e-03
1.296787522733211517e-02
4.350855015218257904e-04
1.273786835372447968e-02
4.140537232160568237e-02
3.322726860642433167e-02
2.703530900180339813e-02
2.934868820011615753e-02
1.465394161641597748e-02
-6.591896526515483856e-03
1.867507584393024445e-02
-3.807539865374565125e-02
5.770900100469589233e-02
4.439467564225196838e-02
1.744612865149974823e-02
4.944677650928497314e-02
3.061958961188793182e-02
-1.498505175113677979e-01
4.431799054145812988e-02
3.581743687391281128e-02
4.197809472680091858e-02
4.166445508599281311e-02
1.838436722755432129e-02
-4.977410659193992615e-03
2.528840489685535431e-02
1.314670220017433167e-02
4.793091490864753723e-02
2.429308183491230011e-02
5.941985175013542175e-02
4.722619801759719849e-02
3.664377704262733459e-02
2.159077674150466919e-02
-5.882814154028892517e-02
6.546393036842346191e-02
3.968355059623718262e-02
1.127427071332931519e-02
2.437683567404747009e-02
4.405692964792251587e-02
4.826506227254867554e-02
2.774481289088726044e-02
4.433707520365715027e-02
-2.710492536425590515e-02
4.201014339923858643e-02
2.396828681230545044e-02
2.023405767977237701e-02
4.667095094919204712e-02
2.579476311802864075e-02
3.899362403899431229e-03
2.713166177272796631e-02
3.207007050514221191e-02
1.416330784559249878e-02
-7.185915857553482056e-02
7.293090689927339554e-03
3.579384461045265198e-02
2.518426440656185150e-02
2.839208208024501801e-02
1.661726087331771851e-02
2.261863276362419128e-02
2.899714000523090363e-02
1.085673831403255463e-02
2.889490500092506409e-02
6.545819342136383057e-02
6.528577953577041626e-02
3.562066704034805298e-02
4.971670731902122498e-02
4.040617868304252625e-02
3.687124699354171753e-02
6.643502414226531982e-02
9.184279479086399078e-03
1.132736355066299438e-02
3.917367011308670044e-02
3.140139207243919373e-02
2.304792031645774841e-02
-6.237040460109710693e-02
-5.566925182938575745e-02
5.382695235311985016e-03
4.296971112489700317e-02
4.246494919061660767e-02
6.558007746934890747e-02
2.760434523224830627e-02
-1.054178923368453979e-03
3.167203813791275024e-02
3.199020773172378540e-02
2.180174738168716431e-02
7.145768404006958008e-02
-3.114145062863826752e-02
2.248198539018630981e-02
4.677540808916091919e-02
3.045329265296459198e-02
-4.243424162268638611e-02
5.555471871048212051e-03
5.411996692419052124e-02
3.531779721379280090e-02
2.851958386600017548e-02
1.747114956378936768e-02
2.414547652006149292e-02
3.291549533605575562e-02
3.001022338867187500e-02
-6.450753659009933472e-02
