-3.002690616995096207e-03
-3.000429831445217133e-03
-3.002714365720748901e-03
3.102878332138061523e-01
2.520418643951416016e+00
-3.002726705744862556e-03
7.317485809326171875e-01
-3.002616809681057930e-03
-3.002548590302467346e-03
9.682414531707763672e-01
1.197833657264709473e+00
-3.002681769430637360e-03
1.643090963363647461e+00
-3.002733457833528519e-03
-3.002701094374060631e-03
-3.002725774422287941e-03
-4.152119636535644531e+00
-3.002404468134045601e-03
3.093553483486175537e-01
3.839736223220825195e+00
-3.002519952133297920e-03
-2.999303629621863365e-03
-3.002155805006623268e-03
-3.002676647156476974e-03
7.138041853904724121e-01
-3.002398647367954254e-03
-3.001169534400105476e-03
8.637328147888183594e-01
3.243108987808227539e-01
4.321985244750976562e-01
2.494141831994056702e-02
-1.604786664247512817e-01
-3.002545097842812538e-03
-1.409867312759160995e-02
-3.002725774422287941e-03
-2.007994174957275391e+00
-3.002062905579805374e-03
4.329503059387207031e+00
-3.002409823238849640e-03
-3.747350275516510010e-01
-3.002217272296547890e-03
1.416920125484466553e-01
3.480846583843231201e-01
-3.002740209922194481e-03
9.649965167045593262e-01
4.592741012573242188e+00
-1.035435438156127930e+00
-3.002646844834089279e-03
4.093235969543457031e+00
1.885320782661437988e+00
-3.000271040946245193e-03
-3.002602374181151390e-03
3.750389814376831055e+00
-3.002593992277979851e-03
-4.541652679443359375e+00
-3.002644749358296394e-03
-3.002644749358296394e-03
4.860173225402832031e+00
-3.002707613632082939e-03
-3.002724144607782364e-03
2.158351391553878784e-01
9.496562480926513672e-01
-3.002708777785301208e-03
6.214903831481933594e+00
-1.524067997932434082e+00
-3.002502257004380226e-03
-1.063220500946044922e+00
-2.938175201416015625e-01
-3.001368138939142227e-03
-3.002734621986746788e-03
-3.002673154696822166e-03
4.363447189331054688e+00
-3.002709243446588516e-03
4.254917621612548828e+00
-3.002527402713894844e-03
-3.002723911777138710e-03
-1.282220929861068726e-01
-3.002681303769350052e-03
4.097906112670898438e+00
-3.002684097737073898e-03
-3.496568441390991211e+00
2.104125261306762695e+00
-3.002729034051299095e-03
-3.002641024067997932e-03
-3.001984907314181328e-03
-3.002728102728724480e-03
-2.032368183135986328e+00
-3.000978846102952957e-03
-3.002625191584229469e-03
-3.002594690769910812e-03
-3.002699697390198708e-03
3.773595988750457764e-01
-3.002709243446588516e-03
-1.605381369590759277e-01
-1.076027512550354004e+00
-3.002472687512636185e-03
1.999915122985839844e+00
-3.002701792865991592e-03
-7.806625366210937500e-01
3.820752143859863281e+00
-3.002685261890292168e-03
5.240935683250427246e-01
7.335447669029235840e-01
-3.895039260387420654e-01
-3.002667101100087166e-03
-3.002703189849853516e-03
-3.679854869842529297e-01
-3.002728801220655441e-03
2.015754461288452148e+00
1.331677436828613281e+00
-3.002694109454751015e-03
1.804541826248168945e+00
-3.002688288688659668e-03
1.207216735929250717e-02
5.082195997238159180e-01
4.135445356369018555e-01
-3.002652432769536972e-03
3.346252441406250000e+00
-1.837656497955322266e+00
1.663876175880432129e-01
-3.002627752721309662e-03
4.739007055759429932e-01
-2.994517562910914421e-03
-3.002740908414125443e-03
4.685599327087402344e+00
-3.002718323841691017e-03
8.506035804748535156e-01
4.992109775543212891e+00
-7.003011107444763184e-01
-3.002666868269443512e-03
1.677980303764343262e+00
-3.002736950293183327e-03
-3.001351142302155495e-03
-3.002710640430450439e-03
6.144346237182617188e+00
-3.002703655511140823e-03
-8.370879292488098145e-01
5.126777172088623047e+00
-3.002478508278727531e-03
-3.002726705744862556e-03
-3.002735320478677750e-03
-5.954067707061767578e-01
-5.405581369996070862e-02
-3.002647077664732933e-03
-3.000537166371941566e-03
-3.002708544954657555e-03
-3.002708544954657555e-03
-3.002713900059461594e-03
2.307741880416870117e+00
-1.049297809600830078e+00
6.899889111518859863e-01
-3.362019300460815430e+00
-3.002322511747479439e-03
-3.002553246915340424e-03
-3.002147888764739037e-03
-6.294335126876831055e-01
1.197487235069274902e+00
-3.000989090651273727e-03
-1.459280967712402344e+00
-3.002681769430637360e-03
-3.002428682520985603e-03
-3.002027282491326332e-03
-3.002693643793463707e-03
-3.002395853400230408e-03
1.709154486656188965e+00
1.649984836578369141e+00
-1.574582934379577637e+00
-3.001692937687039375e-03
3.043437242507934570e+00
-3.002675948664546013e-03
7.589309215545654297e-01
-8.460724353790283203e-01
1.032930493354797363e+00
-3.002737881615757942e-03
1.625405102968215942e-01
-3.002712503075599670e-03
6.734382152557373047e+00
3.049020290374755859e+00
1.426835507154464722e-01
-3.002712037414312363e-03
-3.002526005730032921e-03
-3.002601210027933121e-03
-3.002715297043323517e-03
1.881924457848072052e-02
9.612969756126403809e-01
2.073308467864990234e+00
-3.002711571753025055e-03
3.602380990982055664e+00
-3.002705750986933708e-03
-3.002496436238288879e-03
-3.002494340762495995e-03
-3.216467499732971191e-01
-3.001518547534942627e-03
-3.002698067575693130e-03
2.155173301696777344e+00
4.299977779388427734e+00
-3.002556040883064270e-03
-1.978558450937271118e-01
-2.419158697128295898e+00
-1.316454261541366577e-01
-3.002711338922381401e-03
-2.999402582645416260e-03
-2.811964601278305054e-02
-3.002471989020705223e-03
1.355733573436737061e-01
-3.002474084496498108e-03
-3.002712037414312363e-03
-3.002609126269817352e-03
-6.510838866233825684e-01
2.170523166656494141e+00
-3.002701792865991592e-03
-3.002465004101395607e-03
-3.002701327204704285e-03
5.441591739654541016e-01
9.462792277336120605e-01
1.767002791166305542e-01
-1.462220907211303711e+00
-5.181341245770454407e-02
3.718281745910644531e+00
7.765115052461624146e-02
-3.002694807946681976e-03
-3.002632642164826393e-03
2.769743919372558594e+00
5.723863124847412109e+00
-2.701753854751586914e+00
3.984875440597534180e+00
4.928932189941406250e-01
-3.002729266881942749e-03
-3.002711106091737747e-03
1.491450667381286621e+00
2.591962099075317383e+00
-9.163007140159606934e-01
4.213692665100097656e+00
9.131035208702087402e-01
-2.610783576965332031e-01
3.202864408493041992e+00
3.997399806976318359e+00
1.680577397346496582e+00
-8.606969714164733887e-01
-8.337643742561340332e-01
5.293822288513183594e-01
-3.002727171406149864e-03
-3.002703655511140823e-03
-3.000849857926368713e-03
-3.002698300406336784e-03
-3.002690849825739861e-03
6.033002376556396484e+00
-3.002607496455311775e-03
2.940315008163452148e+00
-3.002711106091737747e-03
-3.002719953656196594e-03
1.609882414340972900e-01
4.199436187744140625e+00
-3.002670826390385628e-03
-1.159011125564575195e+00
-2.044043779373168945e+00
