-6.736837863922119141e+00
-2.535923004150390625e+00
-3.756419658660888672e+00
-4.079073429107666016e+00
-1.691349625587463379e+00
-6.016478061676025391e+00
-1.902233958244323730e+00
-5.728227615356445312e+00
-1.031568527221679688e+01
-4.926005363464355469e+00
-5.333878040313720703e+00
-4.570465087890625000e+00
-5.379895210266113281e+00
-5.987798690795898438e+00
-5.829534530639648438e+00
-2.956380248069763184e-01
-3.939638853073120117e+00
-5.494130134582519531e+00
-8.966068625450134277e-01
-5.745550632476806641e+00
-1.086028575897216797e+01
-6.896499633789062500e+00
-2.713173389434814453e+00
3.643422603607177734e+00
-3.295191526412963867e+00
-9.978795051574707031e+00
-6.317706584930419922e+00
-2.907740592956542969e+00
-5.531646251678466797e+00
-3.885249376296997070e+00
-4.343423366546630859e+00
-5.696832180023193359e+00
-6.147926330566406250e+00
-8.380101203918457031e+00
1.172165989875793457e+00
-5.272473812103271484e+00
-4.864161014556884766e+00
-7.276579856872558594e+00
-2.859069347381591797e+00
-4.318328380584716797e+00
-8.798621177673339844e+00
2.885992765426635742e+00
2.118503332138061523e+00
-7.588201999664306641e+00
-5.581516265869140625e+00
-5.260942935943603516e+00
-6.075676441192626953e+00
-5.517812252044677734e+00
-2.979277372360229492e+00
-6.072743892669677734e+00
-4.405472755432128906e+00
-6.629426479339599609e+00
-5.185860633850097656e+00
-5.963993072509765625e+00
3.220186948776245117e+00
-3.525267124176025391e+00
-7.257064342498779297e+00
-1.105565357208251953e+01
-5.025032043457031250e+00
-9.261482238769531250e+00
3.141000747680664062e+00
2.465581417083740234e+00
-4.646271705627441406e+00
-6.284575462341308594e+00
-3.739644765853881836e+00
-6.404166698455810547e+00
2.484416007995605469e+00
-3.975016355514526367e+00
-5.540518283843994141e+00
-1.434995746612548828e+01
-4.936137199401855469e+00
3.506873846054077148e+00
-4.486224651336669922e+00
-5.489114284515380859e+00
-2.637692451477050781e+00
-5.425537586212158203e+00
-1.078867912292480469e+01
-7.914415359497070312e+00
-4.804413318634033203e+00
-4.622997760772705078e+00
6.154267787933349609e-01
-5.219649314880371094e+00
2.712809324264526367e+00
-4.428743839263916016e+00
-5.564506053924560547e+00
-2.945596694946289062e+00
-5.260687828063964844e+00
-2.924537181854248047e+00
-1.006454181671142578e+01
-6.614665985107421875e+00
-8.008829116821289062e+00
-3.159008502960205078e+00
-3.616855382919311523e+00
-6.710525989532470703e+00
2.416803121566772461e+00
-3.499601364135742188e+00
-5.413504123687744141e+00
-7.552383899688720703e+00
-3.848222494125366211e+00
-6.949610710144042969e+00
-1.485778236389160156e+01
-6.689972400665283203e+00
3.202206194400787354e-01
-6.338016510009765625e+00
-4.911446869373321533e-01
-5.774672985076904297e+00
-9.354043960571289062e+00
-6.236382484436035156e+00
-5.626244068145751953e+00
-1.983341097831726074e+00
3.267453908920288086e+00
-9.596949577331542969e+00
-4.657577991485595703e+00
3.233145236968994141e+00
-1.021657085418701172e+01
-1.520023822784423828e+00
-6.529680252075195312e+00
2.793009757995605469e+00
-8.070239067077636719e+00
-7.933187961578369141e+00
-9.193513870239257812e+00
-5.552098751068115234e+00
-5.626055240631103516e+00
-8.758831977844238281e+00
-7.002988338470458984e+00
-6.002918243408203125e+00
-3.342692852020263672e+00
-1.043269252777099609e+01
-3.707365274429321289e+00
-8.349330902099609375e+00
2.959345102310180664e+00
-6.656636238098144531e+00
-4.024000167846679688e+00
-5.963540077209472656e+00
-1.215984940528869629e+00
-4.342239379882812500e+00
-4.119626045227050781e+00
-6.000320911407470703e+00
-6.794323921203613281e+00
-1.095514965057373047e+01
-6.498945236206054688e+00
-1.182175350189208984e+01
-3.338364660739898682e-01
-5.443315982818603516e+00
-6.181088447570800781e+00
-3.935325145721435547e+00
-2.955948352813720703e+00
-8.826258659362792969e+00
-5.811935901641845703e+00
-5.505531311035156250e+00
-7.541674613952636719e+00
-2.492748498916625977e+00
-3.272296190261840820e+00
-2.754446983337402344e+00
-5.059720039367675781e+00
-5.927023410797119141e+00
-6.328081607818603516e+00
-3.771533489227294922e+00
-3.967473030090332031e+00
-5.140623569488525391e+00
-6.649565696716308594e+00
-6.087255001068115234e+00
-2.892741441726684570e+00
-7.646215915679931641e+00
-6.685495376586914062e+00
-3.961633443832397461e+00
-4.493882656097412109e+00
5.679957568645477295e-02
3.123844623565673828e+00
-5.984649658203125000e-01
-1.002261161804199219e+01
-3.257787942886352539e+00
-5.615305423736572266e+00
-5.747182369232177734e+00
-1.162571334838867188e+01
-5.461257934570312500e+00
-5.166972160339355469e+00
-5.416794776916503906e+00
7.137204706668853760e-02
3.105414152145385742e+00
-2.764491558074951172e+00
5.655558407306671143e-02
-7.698785781860351562e+00
-3.921018123626708984e+00
-5.150465488433837891e+00
-3.591631412506103516e+00
-6.929706573486328125e+00
-6.316596031188964844e+00
-6.129997730255126953e+00
-9.338877677917480469e+00
-4.358211994171142578e+00
-7.170686244964599609e+00
-5.841876029968261719e+00
-6.612970829010009766e+00
-3.020742177963256836e+00
-7.482527732849121094e+00
-6.082808017730712891e+00
-6.419113159179687500e+00
-7.066927433013916016e+00
-5.266380310058593750e+00
-1.961003303527832031e+00
-7.547864317893981934e-01
-4.987483978271484375e+00
-5.689409732818603516e+00
-5.707787990570068359e+00
-2.218327283859252930e+00
-7.912549972534179688e+00
-8.250844955444335938e+00
-4.134670734405517578e+00
-2.573558807373046875e+00
-5.549896240234375000e+00
-3.652032136917114258e+00
-5.596294879913330078e+00
-4.119201183319091797e+00
-3.811065196990966797e+00
-1.669153094291687012e+00
-8.347572326660156250e+00
-3.046386003494262695e+00
-7.112428665161132812e+00
-5.083998680114746094e+00
-9.324820518493652344e+00
-3.975385904312133789e+00
-3.267103672027587891e+00
-2.047514438629150391e+00
-5.070511341094970703e+00
-3.906390070915222168e-01
-6.572502613067626953e+00
-8.417395591735839844e+00
-2.691784143447875977e+00
-1.918335199356079102e+00
-4.877668857574462891e+00
-1.011248874664306641e+01
-7.660484313964843750e+00
-6.674118041992187500e+00
-6.464576721191406250e+00
-3.364740133285522461e+00
-1.238930034637451172e+01
-3.701153278350830078e+00
-2.152056932449340820e+00
-6.689925193786621094e+00
-6.145934104919433594e+00
-1.783953905105590820e+00
3.270963907241821289e+00
-4.590776443481445312e+00
-2.891503572463989258e-01
-9.010254859924316406e+00
-6.713258743286132812e+00
-6.771474361419677734e+00
-1.168687105178833008e+00
1.071267485618591309e+00
-4.733725547790527344e+00
-3.953224182128906250e+00
-7.179416179656982422e+00
-1.688453435897827148e+00
-9.663921594619750977e-01
-6.273720741271972656e+00
