-8.430836349725723267e-02
5.456943809986114502e-02
2.448349073529243469e-02
4.713655263185501099e-02
3.902462869882583618e-02
2.438654378056526184e-02
7.468134164810180664e-03
4.185123369097709656e-02
4.326495155692100525e-02
3.701212629675865173e-02
1.387284509837627411e-02
3.058600611984729767e-02
4.053332656621932983e-02
1.729412190616130829e-02
3.480633720755577087e-02
1.943854428827762604e-02
2.689023129642009735e-02
5.750159174203872681e-02
4.258282110095024109e-02
1.276415307074785233e-02
5.147433653473854065e-02
4.192492738366127014e-02
5.661338567733764648e-02
3.583708032965660095e-02
5.807016417384147644e-02
1.706207357347011566e-02
1.297153159976005554e-02
-6.662408262491226196e-02
3.829868882894515991e-02
5.008940398693084717e-02
4.207982867956161499e-02
6.877376139163970947e-02
8.026863448321819305e-03
5.293139815330505371e-02
2.151421085000038147e-02
4.073303192853927612e-02
4.728901758790016174e-02
4.608884081244468689e-02
3.038818389177322388e-02
3.079613111913204193e-02
2.715474925935268402e-02
1.957747712731361389e-02
3.560154139995574951e-02
1.537948567420244217e-02
5.589526519179344177e-02
7.966023869812488556e-03
6.227419897913932800e-02
5.197085440158843994e-02
4.307641461491584778e-02
6.266763061285018921e-02
4.453096538782119751e-02
2.915541455149650574e-02
2.489710971713066101e-02
2.159580029547214508e-02
6.374569237232208252e-02
2.427677623927593231e-02
1.284531690180301666e-02
1.512426137924194336e-02
4.329538438469171524e-03
1.123709604144096375e-02
3.451360762119293213e-02
3.330739960074424744e-02
2.564524300396442413e-02
4.871284961700439453e-02
3.253544867038726807e-02
3.650765400379896164e-03
1.094578579068183899e-02
9.104503691196441650e-02
5.461966618895530701e-02
3.391756117343902588e-02
3.110123053193092346e-02
3.199329599738121033e-02
2.120918780565261841e-02
3.427689522504806519e-02
9.144794195890426636e-03
-5.410747136920690536e-03
2.898305095732212067e-02
1.494192145764827728e-02
1.882404461503028870e-02
9.854197502136230469e-03
4.238526895642280579e-02
4.538988694548606873e-03
2.957580238580703735e-02
2.132926322519779205e-02
1.221395470201969147e-02
2.827016077935695648e-02
3.752350062131881714e-02
2.689185785129666328e-03
5.354635789990425110e-02
6.155078485608100891e-02
2.265531383454799652e-02
2.380608208477497101e-02
3.465035557746887207e-02
4.745442047715187073e-02
3.561047464609146118e-02
5.167432501912117004e-02
2.609348855912685394e-02
4.339575394988059998e-02
3.081239201128482819e-02
5.334730073809623718e-02
4.577654600143432617e-02
2.281970530748367310e-02
4.729087650775909424e-02
2.892659232020378113e-02
3.101495467126369476e-02
2.007053932175040245e-03
6.050064042210578918e-02
3.893862664699554443e-02
6.198236346244812012e-02
4.071932658553123474e-02
3.534247726202011108e-02
3.062639757990837097e-02
3.565643727779388428e-02
5.306283943355083466e-03
3.105397336184978485e-02
2.233759686350822449e-02
6.099201855249702930e-04
3.746993839740753174e-02
1.478113885968923569e-02
3.808259591460227966e-02
-8.519455790519714355e-03
3.034415282309055328e-02
9.044766426086425781e-03
6.220572069287300110e-02
4.474090412259101868e-02
9.562692604959011078e-03
3.419264778494834900e-02
1.662345044314861298e-02
4.243432357907295227e-02
2.803258411586284637e-02
4.925154522061347961e-02
1.998042687773704529e-02
4.469974339008331299e-02
8.460059016942977905e-02
5.288073047995567322e-02
2.969875931739807129e-02
3.657500073313713074e-02
4.476751387119293213e-02
5.548544973134994507e-02
4.558051005005836487e-02
4.026119410991668701e-02
9.690253995358943939e-03
1.185959205031394958e-02
4.185469448566436768e-02
3.667151555418968201e-02
2.920613810420036316e-02
3.218254819512367249e-02
2.984369173645973206e-02
4.058631882071495056e-02
1.152856368571519852e-02
1.478723809123039246e-02
1.462427433580160141e-02
2.010426856577396393e-02
3.492713347077369690e-02
2.500751055777072906e-02
2.238078042864799500e-02
5.110596120357513428e-02
4.924734309315681458e-02
3.401467576622962952e-02
7.659792434424161911e-03
5.751540511846542358e-02
3.779651131480932236e-03
5.046153068542480469e-02
6.950269639492034912e-02
4.947200417518615723e-02
3.004750609397888184e-02
3.702042251825332642e-02
4.418480768799781799e-02
2.128971740603446960e-02
1.001237332820892334e-02
2.053147368133068085e-02
5.301910638809204102e-02
3.456253185868263245e-02
4.159212484955787659e-02
2.850926667451858521e-02
2.591627463698387146e-02
2.071859873831272125e-02
4.860496148467063904e-03
1.406732853502035141e-02
3.679578006267547607e-02
3.870038315653800964e-02
2.423091046512126923e-02
3.256848454475402832e-02
3.420648351311683655e-02
5.712124332785606384e-02
3.652866557240486145e-02
2.903785929083824158e-02
4.224097728729248047e-02
5.226667970418930054e-02
4.956470429897308350e-02
3.064600750803947449e-02
5.910035222768783569e-02
2.214539796113967896e-02
5.683659017086029053e-02
1.365942601114511490e-02
3.458153083920478821e-02
4.667366854846477509e-03
4.808514192700386047e-02
-4.810174927115440369e-03
3.746854886412620544e-02
1.626707054674625397e-02
6.062621623277664185e-02
3.838347643613815308e-02
3.929990530014038086e-02
2.425403334200382233e-03
2.632247284054756165e-02
3.953753411769866943e-02
2.432686090469360352e-02
4.005980491638183594e-02
6.046707183122634888e-02
2.434603124856948853e-02
8.413954637944698334e-03
5.883869901299476624e-02
5.597259104251861572e-02
4.346876591444015503e-02
5.769946798682212830e-02
4.938831552863121033e-02
7.441309839487075806e-02
2.155742608010768890e-02
1.724060811102390289e-02
3.266875073313713074e-02
4.191212728619575500e-02
3.396417945623397827e-02
3.391200676560401917e-02
1.846631430089473724e-02
3.593856096267700195e-02
2.353149279952049255e-02
6.313742697238922119e-02
5.480970814824104309e-02
6.433360278606414795e-02
-3.796758130192756653e-02
5.339917168021202087e-02
3.235140070319175720e-02
5.777772516012191772e-02
3.459947183728218079e-02
4.533742740750312805e-02
2.556126751005649567e-02
4.105520248413085938e-02
8.690834045410156250e-03
1.918365992605686188e-02
1.825694553554058075e-02
5.983985960483551025e-02
1.496731396764516830e-02
6.242149695754051208e-02
5.342143401503562927e-02
4.910551756620407104e-02
2.229069918394088745e-02
7.143155485391616821e-02
1.054343301802873611e-02
3.122521750628948212e-02
3.978227823972702026e-02
2.089024893939495087e-02
6.137780100107192993e-02
5.832977220416069031e-02
3.391605243086814880e-02
2.979821339249610901e-02
