1.467029750347137451e-02
1.709786057472229004e-02
6.762431934475898743e-03
1.670605130493640900e-02
-2.994889020919799805e-02
-1.197531528305262327e-04
2.785745821893215179e-02
3.363306447863578796e-02
9.097225032746791840e-03
-1.383852446451783180e-03
-4.708650521934032440e-04
-1.864166557788848877e-02
-2.151541225612163544e-02
-1.358951558358967304e-03
4.751422442495822906e-03
2.116501145064830780e-02
-5.696962587535381317e-03
-4.563879047054797411e-04
4.214262589812278748e-02
1.198640093207359314e-02
-6.024530157446861267e-03
-6.235159002244472504e-03
-8.454172872006893158e-03
-3.753868117928504944e-02
-3.688930720090866089e-02
-1.571120519656687975e-04
-5.892455228604376316e-04
-9.184658410958945751e-04
-1.743852719664573669e-02
2.385942265391349792e-02
1.937977969646453857e-02
-3.954268060624599457e-03
4.242966324090957642e-02
3.370291367173194885e-02
3.496230579912662506e-03
4.852802958339452744e-04
2.461154200136661530e-02
5.973572842776775360e-03
1.797561347484588623e-02
-1.482385862618684769e-02
1.512804999947547913e-02
2.341832220554351807e-02
1.137523073703050613e-02
-2.046645095106214285e-04
2.017361670732498169e-02
2.665203064680099487e-03
4.235004540532827377e-03
-5.342657677829265594e-04
9.431211277842521667e-03
-2.029886469244956970e-02
1.109049408114515245e-04
2.639720216393470764e-02
2.352546714246273041e-02
4.913121089339256287e-02
2.936447225511074066e-02
4.436690732836723328e-02
1.127363927662372589e-02
5.194985773414373398e-03
7.764692883938550949e-03
4.625903908163309097e-03
-2.874983765650540590e-04
-6.032903678715229034e-03
1.049843989312648773e-02
-4.028350522276014090e-04
2.419803477823734283e-02
3.850727900862693787e-02
2.143802121281623840e-02
-1.820778008550405502e-03
-3.063169866800308228e-02
3.137763962149620056e-02
1.193411066196858883e-03
7.365432567894458771e-03
-1.867759507149457932e-03
1.248883455991744995e-02
2.669496834278106689e-02
-5.461050663143396378e-03
-4.677094402723014355e-04
2.104985155165195465e-02
-6.794090149924159050e-04
-8.272836566902697086e-04
-2.174932137131690979e-02
-3.686099371407181025e-04
3.116869553923606873e-02
-3.398870758246630430e-04
-4.496860201470553875e-04
2.083767671138048172e-03
-9.917077841237187386e-04
6.802398245781660080e-03
-3.517460543662309647e-03
-7.635687943547964096e-04
1.234123297035694122e-02
3.318764269351959229e-02
2.475626394152641296e-02
-3.349852561950683594e-02
2.808126434683799744e-02
-5.121614085510373116e-04
2.988419495522975922e-02
4.203920066356658936e-02
-5.905681173317134380e-04
5.272870138287544250e-02
1.785084605216979980e-02
-3.600217029452323914e-02
3.434159979224205017e-02
2.315205894410610199e-02
-2.980420249514281750e-04
2.795178629457950592e-02
-3.820458659902215004e-03
2.901232801377773285e-02
1.994214486330747604e-03
5.146870762109756470e-02
-9.784795343875885010e-03
1.284348219633102417e-02
7.769898045808076859e-03
1.424934342503547668e-02
-1.925173774361610413e-02
2.762792631983757019e-02
-3.952158614993095398e-03
-8.875695057213306427e-03
1.271763350814580917e-02
9.523592889308929443e-03
4.385982826352119446e-02
2.254445664584636688e-02
1.029714103788137436e-02
1.765527576208114624e-02
-9.293728508055210114e-03
-8.695686236023902893e-03
2.652154304087162018e-02
6.814891938120126724e-03
-1.759898476302623749e-02
-9.507203474640846252e-03
3.375343978404998779e-03
2.458395622670650482e-02
4.724278673529624939e-02
7.115624379366636276e-03
-6.054433993995189667e-03
-8.725278312340378761e-04
-2.447122824378311634e-04
-1.242202590219676495e-03
1.889355108141899109e-02
1.878402312286198139e-03
-6.848741322755813599e-04
-1.563333719968795776e-02
9.567440487444400787e-03
-7.612300687469542027e-04
2.673978731036186218e-02
1.519468799233436584e-02
1.213754992932081223e-02
-3.245933726429939270e-02
1.529064401984214783e-02
-7.146711577661335468e-04
-4.471433907747268677e-02
-4.350474104285240173e-02
-4.909703973680734634e-03
2.332236059010028839e-02
-2.962501719594001770e-03
4.827830009162425995e-03
4.206275567412376404e-03
-9.184818714857101440e-03
1.354451198130846024e-02
-1.850329572334885597e-04
-9.944974444806575775e-03
2.744474448263645172e-03
1.721578091382980347e-02
1.891226880252361298e-02
-1.077887974679470062e-02
-5.626567872241139412e-04
8.073437027633190155e-03
-1.234549126820638776e-04
-4.255673557054251432e-04
1.940902508795261383e-02
-3.096248023211956024e-03
-4.582373367156833410e-04
1.842688769102096558e-02
-2.185018546879291534e-02
2.229766920208930969e-02
2.299596928060054779e-02
2.346121706068515778e-02
-5.406358977779746056e-04
2.978093922138214111e-02
-7.591740693897008896e-03
1.162515953183174133e-02
2.857351675629615784e-02
1.609421148896217346e-02
1.911696419119834900e-02
3.566939616575837135e-03
8.160067722201347351e-03
2.152609266340732574e-02
2.427589893341064453e-02
4.043731465935707092e-02
-8.025389979593455791e-04
-5.209979717619717121e-04
1.158138737082481384e-02
-1.253878418356180191e-02
-8.249400416389107704e-04
-4.351346287876367569e-04
2.877524122595787048e-02
1.919050514698028564e-02
-1.468007266521453857e-02
1.548425108194351196e-02
6.191952619701623917e-03
-1.126260776072740555e-02
3.222201764583587646e-02
8.496941998600959778e-03
2.280764654278755188e-02
-4.591159988194704056e-03
-4.393147537484765053e-04
3.851712914183735847e-03
-7.480318308807909489e-04
-8.392428979277610779e-03
4.108677618205547333e-03
2.264077775180339813e-02
8.117930032312870026e-03
-1.288248784840106964e-02
2.705526538193225861e-03
3.506111912429332733e-03
1.442282833158969879e-02
1.487603597342967987e-02
2.165500074625015259e-02
1.495549175888299942e-02
1.862468942999839783e-02
2.733024023473262787e-02
1.742279529571533203e-02
-9.388539008796215057e-03
-1.470708381384611130e-02
-4.935162607580423355e-03
2.657291106879711151e-02
2.086303941905498505e-02
2.539381850510835648e-03
3.900871425867080688e-02
-3.389460267499089241e-03
2.350320108234882355e-03
-1.619854755699634552e-02
-4.350741859525442123e-03
3.277578949928283691e-02
-3.053712891414761543e-03
-4.647055268287658691e-02
2.187033556401729584e-02
-3.536984696984291077e-02
1.195063162595033646e-02
4.503772407770156860e-02
-6.483980105258524418e-04
2.555371075868606567e-02
1.697014458477497101e-02
2.147099748253822327e-02
3.318100795149803162e-02
-7.022186036920174956e-05
2.713087573647499084e-02
3.656280413269996643e-02
3.724363166838884354e-03
2.661143802106380463e-02
1.290848851203918457e-02
3.031182847917079926e-02
2.140919119119644165e-02
1.123793423175811768e-02
1.002032123506069183e-02
2.200229838490486145e-02
