2.191025733947753906e+00
-3.137612581253051758e+00
-6.257174015045166016e+00
-4.918236255645751953e+00
-3.568133354187011719e+00
-2.587451934814453125e+00
2.528672456741333008e+00
-2.838274717330932617e+00
-4.004628658294677734e+00
-3.313904762268066406e+00
-1.589889883995056152e+00
-2.972368240356445312e+00
-4.130702495574951172e+00
-3.075845718383789062e+00
-3.252310752868652344e+00
-8.982441425323486328e-01
4.500390887260437012e-01
-4.066739082336425781e+00
-9.464983344078063965e-01
-2.651538133621215820e+00
-4.383589744567871094e+00
-1.752927303314208984e+00
-3.222033739089965820e+00
-1.231527924537658691e+00
2.520830035209655762e-01
-4.523748397827148438e+00
-6.536452174186706543e-01
-2.839692592620849609e+00
-8.209900856018066406e+00
2.205815315246582031e+00
-1.618387222290039062e+00
-1.914423704147338867e+00
-9.622333645820617676e-01
-2.958909749984741211e+00
-3.114503860473632812e+00
-4.460291385650634766e+00
-8.230488777160644531e+00
-3.471616744995117188e+00
2.265935182571411133e+00
-4.962131977081298828e-01
-3.374458789825439453e+00
2.799194574356079102e+00
1.890950322151184082e+00
-1.222706198692321777e+00
-2.576137304306030273e+00
-7.353461742401123047e+00
-2.382832050323486328e+00
-2.554530382156372070e+00
-6.364223480224609375e+00
-1.483131051063537598e+00
-2.923763036727905273e+00
-4.579907417297363281e+00
-4.514690876007080078e+00
-3.800119161605834961e+00
-3.641555547714233398e+00
-5.404581069946289062e+00
-1.392110347747802734e+00
-4.417308807373046875e+00
-3.639027595520019531e+00
-6.129910349845886230e-01
2.364324569702148438e+00
2.212382793426513672e+00
2.330829620361328125e+00
-2.827345132827758789e+00
2.310864448547363281e+00
-4.212327480316162109e+00
-6.906322479248046875e+00
-2.850111246109008789e+00
-8.112694740295410156e+00
-7.427752017974853516e+00
-2.469876050949096680e+00
-1.831213355064392090e+00
-3.924940586090087891e+00
-4.152101516723632812e+00
-1.273195266723632812e+00
2.396379709243774414e+00
-4.435588836669921875e+00
-2.120029926300048828e+00
-3.906794548034667969e+00
-5.240033149719238281e+00
-8.294111251831054688e+00
-3.450848102569580078e+00
-3.991042137145996094e+00
-4.535287857055664062e+00
-2.362397670745849609e+00
-1.548094034194946289e+00
1.746046662330627441e+00
-1.975399971008300781e+00
-4.435039997100830078e+00
-8.778748512268066406e-01
-5.370762825012207031e+00
-1.444893240928649902e+00
-4.910597324371337891e+00
-2.330645561218261719e+00
-3.946069717407226562e+00
-5.714369773864746094e+00
-2.890635967254638672e+00
-7.083620548248291016e+00
2.118099689483642578e+00
-2.194696426391601562e+00
1.941541790962219238e+00
-1.007150560617446899e-01
-5.179525017738342285e-01
-3.030018806457519531e+00
-6.699380874633789062e+00
-5.820074677467346191e-01
-3.277836322784423828e+00
-5.962753295898437500e+00
-1.081589818000793457e+00
-8.524999618530273438e-01
1.802662968635559082e+00
-5.344302177429199219e+00
-4.447719573974609375e+00
-2.212515115737915039e+00
-3.393719196319580078e+00
-4.240226745605468750e+00
-2.119930982589721680e+00
-3.835578203201293945e+00
-2.804141521453857422e+00
-2.434104204177856445e+00
-6.564816474914550781e+00
-3.285905838012695312e+00
-2.128938436508178711e+00
-7.866206645965576172e+00
-7.834899902343750000e+00
2.223374843597412109e+00
-8.333836197853088379e-01
-2.775995969772338867e+00
1.617366552352905273e+00
-7.844229936599731445e-01
1.948117852210998535e+00
-6.707236170768737793e-01
-3.536946773529052734e+00
-2.753603458404541016e+00
-4.211714744567871094e+00
-4.205226421356201172e+00
-4.889408111572265625e+00
-5.469737529754638672e+00
-3.669602632522583008e+00
-6.184556484222412109e+00
-2.962779760360717773e+00
-3.793969869613647461e+00
1.989986896514892578e+00
-3.895974636077880859e+00
-5.291121602058410645e-01
-3.677761793136596680e+00
-4.024585247039794922e+00
-7.147212624549865723e-01
-5.357110500335693359e+00
-5.296273827552795410e-01
-3.071793556213378906e+00
-2.615962266921997070e+00
2.196082115173339844e+00
-2.541043758392333984e+00
-4.089278697967529297e+00
-8.268374443054199219e+00
1.023139119148254395e+00
-9.351007938385009766e-01
-6.347343921661376953e+00
2.158142566680908203e+00
-2.476476669311523438e+00
-8.857486248016357422e-01
-4.740518629550933838e-01
-6.568793773651123047e+00
-5.665642261505126953e+00
-4.542024135589599609e+00
2.380752325057983398e+00
-2.109400749206542969e+00
-3.977217674255371094e+00
2.327965974807739258e+00
-4.539742946624755859e+00
-6.367568492889404297e+00
-5.649311065673828125e+00
-1.117528676986694336e+00
-1.192816019058227539e+00
-3.088709115982055664e+00
-1.569667935371398926e+00
2.189867019653320312e+00
2.230367183685302734e+00
-1.826576590538024902e+00
-3.541189908981323242e+00
2.113149404525756836e+00
-6.160602569580078125e+00
-2.712511777877807617e+00
2.181071996688842773e+00
-1.161679983139038086e+00
2.251380205154418945e+00
-3.557567119598388672e+00
-3.881098508834838867e+00
-2.776374816894531250e+00
-3.840416908264160156e+00
-1.630791425704956055e+00
1.817145466804504395e+00
-1.702545404434204102e+00
1.953794717788696289e+00
-3.241393566131591797e+00
-2.639509916305541992e+00
-1.006930255889892578e+01
-3.641653299331665039e+00
-3.875962018966674805e+00
-2.272536277770996094e+00
-3.056954741477966309e-01
-1.852609872817993164e+00
-2.418997526168823242e+00
-5.441838741302490234e+00
-4.457948684692382812e+00
-5.700798034667968750e-01
2.481660842895507812e+00
-1.763990402221679688e+00
-3.570217132568359375e+00
-2.164188861846923828e+00
-3.734453201293945312e+00
-1.300549149513244629e+00
-3.103025197982788086e+00
-2.832694053649902344e+00
-1.412307500839233398e+00
-9.189062118530273438e-01
-4.626721382141113281e+00
-3.558027029037475586e+00
-3.157051801681518555e+00
-5.780599117279052734e+00
-3.825238943099975586e+00
-2.980056285858154297e+00
-3.801882743835449219e+00
-5.003778934478759766e+00
-7.808747291564941406e+00
-6.970576286315917969e+00
-1.992970943450927734e+00
-4.129283905029296875e+00
-2.218138217926025391e+00
-4.661737918853759766e+00
-2.947445869445800781e+00
-6.143651485443115234e+00
-1.181036114692687988e+00
9.936972856521606445e-01
-7.688603401184082031e+00
-3.318493127822875977e+00
-3.430292129516601562e+00
8.636199235916137695e-01
-1.485201001167297363e+00
-7.208305358886718750e+00
-4.734907627105712891e+00
-4.392150878906250000e+00
-2.056005239486694336e+00
3.646075725555419922e-01
-4.437629222869873047e+00
-4.806735992431640625e+00
-4.295810222625732422e+00
2.309113979339599609e+00
-8.016386032104492188e+00
-2.598024368286132812e+00
-4.715933322906494141e+00
-8.848896980285644531e+00
-8.120110630989074707e-01
-4.956019818782806396e-01
1.570792436599731445e+00
