-3.002693643793463707e-03
-3.000603057444095612e-03
-3.002711338922381401e-03
-1.728159487247467041e-01
1.904886364936828613e+00
-3.002732526510953903e-03
-8.484744429588317871e-01
-3.002587938681244850e-03
-3.002591431140899658e-03
9.843543171882629395e-01
2.535119056701660156e-01
-3.002680605277419090e-03
8.717991113662719727e-01
-3.002732992172241211e-03
-3.002694575116038322e-03
-3.002726240083575249e-03
6.399693489074707031e-01
-3.002462442964315414e-03
3.909416496753692627e-01
1.702303409576416016e+00
-3.002501325681805611e-03
-3.000703407451510429e-03
-3.001794917508959770e-03
-3.002647776156663895e-03
-4.507428780198097229e-02
-3.002497367560863495e-03
-3.001709235832095146e-03
1.181410074234008789e+00
1.439586997032165527e+00
1.022389531135559082e+00
1.761165410280227661e-01
1.136065840721130371e+00
-3.002526937052607536e-03
4.196449279785156250e+00
-3.002729034051299095e-03
6.856806874275207520e-01
-3.002138808369636536e-03
9.479062259197235107e-02
-3.002479439601302147e-03
9.812522530555725098e-01
-3.002336015924811363e-03
2.212530136108398438e+00
6.134247779846191406e-01
-3.002739977091550827e-03
1.667702943086624146e-01
1.027824521064758301e+00
1.342350244522094727e+00
-3.002630313858389854e-03
1.146591305732727051e+00
1.222319483757019043e+00
-3.000701311975717545e-03
-3.002565819770097733e-03
4.794767796993255615e-01
-3.002532757818698883e-03
-3.712708950042724609e-01
-3.002659184858202934e-03
-3.002647776156663895e-03
2.217934846878051758e+00
-3.002715995535254478e-03
-3.002727171406149864e-03
7.471478730440139771e-02
-1.720611155033111572e-01
-3.002711106091737747e-03
9.929479360580444336e-01
4.900332987308502197e-01
-3.002503421157598495e-03
-1.653811931610107422e-01
-1.178918965160846710e-02
-3.000816795974969864e-03
-3.002735320478677750e-03
-3.002675017341971397e-03
1.330138564109802246e+00
-3.002707613632082939e-03
7.348949313163757324e-01
-3.002565586939454079e-03
-3.002724610269069672e-03
2.791269779205322266e+00
-3.002640092745423317e-03
1.808252036571502686e-01
-3.002675948664546013e-03
5.812732577323913574e-01
1.720253348350524902e+00
-3.002732526510953903e-03
-3.002649638801813126e-03
-3.001885721459984779e-03
-3.002730663865804672e-03
6.181399226188659668e-01
-3.000591648742556572e-03
-3.002546960487961769e-03
-3.002630546689033508e-03
-3.002707380801439285e-03
4.992991089820861816e-01
-3.002701792865991592e-03
8.031944632530212402e-01
7.964313626289367676e-01
-3.002525307238101959e-03
-7.155427336692810059e-01
-3.002712503075599670e-03
1.314854264259338379e+00
7.678261399269104004e-01
-3.002620069310069084e-03
9.155686497688293457e-01
-4.231807962059974670e-02
2.449724435806274414e+00
-3.002638695761561394e-03
-3.002697601914405823e-03
8.847923278808593750e-01
-3.002727637067437172e-03
-4.803989231586456299e-01
1.577875912189483643e-01
-3.002686193212866783e-03
-3.467905819416046143e-01
-3.002681536599993706e-03
6.461426615715026855e-01
-1.938460946083068848e+00
3.727651238441467285e-01
-3.002654062584042549e-03
8.286186456680297852e-01
7.152031660079956055e-01
-1.374073624610900879e+00
-3.002621466293931007e-03
1.651183366775512695e+00
-2.998907351866364479e-03
-3.002739977091550827e-03
2.720293998718261719e-01
-3.002717159688472748e-03
2.310713291168212891e+00
9.766209125518798828e-01
-3.084052205085754395e-01
-3.002632642164826393e-03
1.025833845138549805e+00
-3.002735087648034096e-03
-3.001588629558682442e-03
-3.002709010615944862e-03
4.207542419433593750e+00
-3.002702724188566208e-03
1.535533547401428223e+00
5.753791928291320801e-01
-3.002495504915714264e-03
-3.002726938575506210e-03
-3.002733225002884865e-03
5.054854154586791992e-01
1.853096961975097656e+00
-3.002621000632643700e-03
-3.001112956553697586e-03
-3.002707380801439285e-03
-3.002704819664359093e-03
-3.002712037414312363e-03
4.221487998962402344e+00
1.012759566307067871e+00
-5.799821615219116211e-01
-4.380508661270141602e-01
-3.002585610374808311e-03
-3.002573968842625618e-03
-3.002009354531764984e-03
2.731719493865966797e+00
4.538691937923431396e-01
-3.001107601448893547e-03
-1.789700090885162354e-01
-3.002687124535441399e-03
-3.002343233674764633e-03
-3.002062207087874413e-03
-3.002688521519303322e-03
-3.002250799909234047e-03
1.044255137443542480e+00
8.107912540435791016e-01
-4.538136720657348633e-02
-3.001870820298790932e-03
-7.089849710464477539e-01
-3.002672921866178513e-03
1.629392743110656738e+00
-1.130964308977127075e-01
9.560539126396179199e-01
-3.002737648785114288e-03
3.429305851459503174e-01
-3.002714598551392555e-03
4.201295852661132812e+00
-1.297087520360946655e-01
-5.635144710540771484e-01
-3.002709709107875824e-03
-3.002554876729846001e-03
-3.002569312229752541e-03
-3.002713667228817940e-03
1.017334461212158203e+00
-1.055093575268983841e-02
1.260578393936157227e+00
-3.002704819664359093e-03
1.136262044310569763e-01
-3.002707380801439285e-03
-3.002479206770658493e-03
-3.002566052600741386e-03
-7.503213286399841309e-01
-3.001505276188254356e-03
-3.002686426043510437e-03
1.561728477478027344e+00
1.329361677169799805e+00
-3.002556739374995232e-03
1.962155342102050781e+00
1.161865711212158203e+00
-3.691325709223747253e-02
-3.002716461196541786e-03
-2.998713171109557152e-03
1.036963582038879395e+00
-3.002465702593326569e-03
-6.341419219970703125e-01
-3.002361161634325981e-03
-3.002700395882129669e-03
-3.002583282068371773e-03
1.622134685516357422e+00
-3.730250000953674316e-01
-3.002708544954657555e-03
-3.002376528456807137e-03
-3.002682700753211975e-03
-1.801414936780929565e-01
7.232486009597778320e-01
-6.400953531265258789e-01
3.225555419921875000e-01
4.535887241363525391e+00
1.206280589103698730e+00
-3.828536272048950195e-01
-3.002697369083762169e-03
-3.002656158059835434e-03
4.154032766819000244e-01
9.683207273483276367e-01
-1.844761669635772705e-01
4.409805834293365479e-01
8.463054895401000977e-01
-3.002728335559368134e-03
-3.002705983817577362e-03
1.120197057723999023e+00
-1.712151646614074707e+00
1.057118996977806091e-01
-3.210459947586059570e-01
1.239272356033325195e+00
2.875252664089202881e-01
-4.819326996803283691e-01
1.035918712615966797e+00
-9.351042509078979492e-01
-2.680547833442687988e-01
4.289173781871795654e-01
1.808991670608520508e+00
-3.002722514793276787e-03
-3.002669895067811012e-03
-3.000976284965872765e-03
-3.002702724188566208e-03
-3.002682467922568321e-03
3.836070775985717773e+00
-3.002635436132550240e-03
-3.110844492912292480e-01
-3.002703655511140823e-03
-3.002724144607782364e-03
1.772055029869079590e+00
3.830300092697143555e+00
-3.002664074301719666e-03
4.668506383895874023e-01
4.537211656570434570e-01
