-1.702867031097412109e+00
-1.473437845706939697e-01
-2.248363733291625977e+00
-2.269284486770629883e+00
-1.476825118064880371e+00
-2.434869050979614258e+00
-2.007776975631713867e+00
-1.719415664672851562e+00
-3.849408388137817383e+00
-3.629760265350341797e+00
-4.095775187015533447e-01
1.537256836891174316e-01
-1.565109968185424805e+00
-2.371225118637084961e+00
-1.781470179557800293e+00
2.399121284484863281e+00
-5.010469555854797363e-01
-5.494530200958251953e-01
-2.758477449417114258e+00
4.618763625621795654e-01
-1.923780083656311035e+00
-2.901805639266967773e+00
-2.879804849624633789e+00
-1.694798469543457031e+00
-3.732625007629394531e+00
-6.882907450199127197e-02
-6.889912486076354980e-01
-7.845103144645690918e-01
-1.371998190879821777e+00
-1.597672462463378906e+00
1.661702990531921387e-02
-2.413191795349121094e+00
-1.481962919235229492e+00
-2.046093225479125977e+00
1.764257788658142090e+00
-1.170079484581947327e-01
-1.311137199401855469e+00
-3.031534671783447266e+00
-7.342777252197265625e-01
2.850101947784423828e+00
-3.023489952087402344e+00
2.605559118092060089e-02
-7.240233421325683594e-01
-2.375397682189941406e+00
8.558839559555053711e-02
-1.065072298049926758e+00
1.864519119262695312e+00
-5.916477441787719727e-01
-3.329936265945434570e+00
-1.287438273429870605e+00
-1.579663604497909546e-01
-1.930646777153015137e+00
-2.418291330337524414e+00
-4.499780535697937012e-01
-2.023303031921386719e+00
-2.101169824600219727e+00
-5.794904232025146484e-01
-3.019565820693969727e+00
3.447882831096649170e-01
-4.216527938842773438e-01
5.188257694244384766e-01
-7.037189602851867676e-01
1.988731503486633301e+00
-2.113339185714721680e+00
-2.382249593734741211e+00
-3.975514471530914307e-01
2.607919573783874512e-01
-5.625963211059570312e-01
-3.595988750457763672e+00
-2.466292142868041992e+00
-2.366955995559692383e+00
-2.162768363952636719e+00
8.033845573663711548e-02
-5.014637485146522522e-02
-1.430994033813476562e+00
-1.468378901481628418e+00
-2.669672250747680664e+00
1.567652225494384766e+00
-1.265684723854064941e+00
-8.356607556343078613e-01
2.253207117319107056e-01
-2.533167839050292969e+00
-9.245915412902832031e-01
-1.818482041358947754e+00
-1.357650518417358398e+00
-1.260130256414413452e-01
-1.542650610208511353e-01
-3.570331811904907227e+00
-2.187171936035156250e+00
-2.377356290817260742e+00
-2.200954914093017578e+00
1.172935962677001953e+00
-3.102396965026855469e+00
-1.976127505302429199e+00
-2.687364339828491211e+00
-3.102480471134185791e-01
2.695413351058959961e+00
-9.793214201927185059e-01
-3.102243185043334961e+00
5.398453474044799805e-01
-6.313273906707763672e-01
-9.732657074928283691e-01
-2.924473285675048828e+00
-2.111763000488281250e+00
-8.820765614509582520e-01
-1.885651588439941406e+00
-8.442602753639221191e-01
2.436089277267456055e+00
-6.273228526115417480e-01
-1.848641037940979004e-01
-2.873567581176757812e+00
-1.729669719934463501e-01
-3.136413335800170898e+00
-1.873299121856689453e+00
-3.778405427932739258e+00
-2.748274564743041992e+00
-1.333039760589599609e+00
-1.977546453475952148e+00
6.458139419555664062e-01
-1.590922951698303223e+00
-1.478233098983764648e+00
-1.518434643745422363e+00
-2.595287084579467773e+00
-2.735516548156738281e+00
-2.532694578170776367e+00
-5.099673867225646973e-01
-7.224203944206237793e-01
-7.521192431449890137e-01
-1.612045407295227051e+00
-2.552728891372680664e+00
-1.433260738849639893e-01
-2.099587678909301758e+00
3.294821977615356445e-01
2.881672084331512451e-01
-1.402919888496398926e+00
-4.432451128959655762e-01
-3.021825551986694336e+00
-4.248126149177551270e-01
-1.552493333816528320e+00
3.337302207946777344e-01
-2.440871298313140869e-01
-1.956811845302581787e-01
-1.083272457122802734e+00
2.800097942352294922e+00
-1.357752799987792969e+00
-2.990732908248901367e+00
-4.803422987461090088e-01
-1.565681576728820801e+00
-3.096909046173095703e+00
-2.495112895965576172e+00
-2.041312694549560547e+00
-4.343511164188385010e-01
-1.179271817207336426e+00
-1.624647021293640137e+00
-1.947012543678283691e+00
-1.975481152534484863e+00
-3.356024503707885742e+00
-2.042734436690807343e-02
-3.258885145187377930e+00
-2.147676944732666016e+00
7.033278346061706543e-01
-4.795708656311035156e-01
-2.786001265048980713e-01
2.463833093643188477e+00
-2.081272840499877930e+00
-2.123681306838989258e+00
-1.719208359718322754e+00
7.429181337356567383e-01
-1.561200261116027832e+00
-2.925914287567138672e+00
-2.421565532684326172e+00
-1.568260192871093750e+00
2.268311262130737305e+00
-2.579429388046264648e+00
-2.352462053298950195e+00
-1.747615218162536621e+00
-7.293940186500549316e-01
-9.197724461555480957e-01
-1.563144207000732422e+00
-1.553570181131362915e-01
-3.521492719650268555e+00
-2.668124914169311523e+00
-1.732369303703308105e+00
-1.908838629722595215e+00
8.815630078315734863e-01
-2.310666561126708984e+00
-6.010218858718872070e-01
2.476742982864379883e+00
-7.158554792404174805e-01
-1.638186693191528320e+00
-2.159623861312866211e+00
-2.262453317642211914e+00
-1.706586837768554688e+00
-2.085500001907348633e+00
4.554817974567413330e-01
-5.548083186149597168e-01
-2.055468320846557617e+00
1.224152967333793640e-01
-1.216703772544860840e+00
-2.088021755218505859e+00
1.715410709381103516e+00
-1.695949912071228027e+00
-9.114981889724731445e-01
-1.537093043327331543e+00
3.478536903858184814e-01
-2.916581869125366211e+00
-2.578660488128662109e+00
-1.923493623733520508e+00
-1.545735955238342285e+00
2.039155483245849609e+00
-2.343708753585815430e+00
-1.910838961601257324e+00
-3.108624935150146484e+00
-7.425729036331176758e-01
1.685108304023742676e+00
-1.752849698066711426e+00
-3.061385869979858398e+00
-2.785442590713500977e+00
-2.148825645446777344e+00
-1.202731370925903320e+00
2.318303346633911133e+00
-1.311178565025329590e+00
-2.831783533096313477e+00
1.381937265396118164e-01
-3.021851301193237305e+00
1.501950621604919434e+00
-2.157671213150024414e+00
-3.195082187652587891e+00
-3.724277019500732422e+00
-3.067055046558380127e-01
5.405555367469787598e-01
-1.536971449851989746e+00
-3.162913322448730469e+00
-1.900472402572631836e+00
-2.611559152603149414e+00
-2.227862924337387085e-01
-2.013921976089477539e+00
7.740103602409362793e-01
2.320436388254165649e-01
-2.329333305358886719e+00
5.918855667114257812e-01
-1.089042663574218750e+00
-2.473400592803955078e+00
-2.436651945114135742e+00
-2.233629465103149414e+00
-2.526086330413818359e+00
-3.768352746963500977e+00
-2.610492229461669922e+00
-3.299921452999114990e-01
-1.303919434547424316e+00
-9.648140072822570801e-01
-1.594585299491882324e+00
-3.772467970848083496e-01
-1.619513869285583496e+00
-1.546743869781494141e+00
1.747901290655136108e-01
