3.420316219329833984e+00
3.532006442546844482e-01
-3.002705983817577362e-03
-3.002675948664546013e-03
-2.783132553100585938e+00
1.609945446252822876e-01
-3.002720186486840248e-03
-3.289977833628654480e-02
-3.002672921866178513e-03
-3.002529731020331383e-03
4.315344810485839844e+00
3.445792913436889648e+00
-3.002729266881942749e-03
6.120409369468688965e-01
-3.002312965691089630e-03
-1.173640727996826172e+00
8.088055849075317383e-01
-3.000642638653516769e-03
4.985344886779785156e+00
3.319905996322631836e+00
6.799460649490356445e-01
-3.002696437761187553e-03
-3.002400510013103485e-03
-3.002567216753959656e-03
-3.002642653882503510e-03
7.433730363845825195e-01
-3.002572571858763695e-03
-3.002156270667910576e-03
-3.002714831382036209e-03
-3.002613550052046776e-03
-3.002493875101208687e-03
-8.174336701631546021e-02
1.206734299659729004e+00
-1.514100581407546997e-01
-3.002569079399108887e-03
-3.002134850248694420e-03
-3.002737648785114288e-03
-3.001056611537933350e-03
-2.330138683319091797e+00
-3.002736018970608711e-03
-3.002694575116038322e-03
1.117212057113647461e+00
2.787855625152587891e+00
-3.002721117809414864e-03
3.467136144638061523e+00
-3.002592129632830620e-03
-3.002726240083575249e-03
-3.002289449796080589e-03
-3.002723446115851402e-03
-3.006356000900268555e+00
-3.002692479640245438e-03
-3.002567449584603310e-03
-3.002662677317857742e-03
1.055202007293701172e+00
6.132457852363586426e-01
-3.002731129527091980e-03
-3.000320866703987122e-03
-3.002706216648221016e-03
6.548034548759460449e-01
-2.908200502395629883e+00
-3.002729266881942749e-03
-3.002672223374247551e-03
6.453626155853271484e-01
-3.002535784617066383e-03
8.149055242538452148e-01
-3.002742305397987366e-03
-3.002704586833715439e-03
2.626914501190185547e+00
-3.002613084390759468e-03
3.321976423263549805e+00
-3.002714132890105247e-03
-3.413745164871215820e-01
-3.002677112817764282e-03
-3.002705750986933708e-03
9.452973604202270508e-01
-3.002675948664546013e-03
6.411293148994445801e-01
-3.002603305503726006e-03
-3.903822004795074463e-01
-3.002690151333808899e-03
1.536828994750976562e+00
-3.002668498083949089e-03
-3.002567915245890617e-03
-3.002657089382410049e-03
1.122319549322128296e-01
-3.001562086865305901e-03
-3.002731362357735634e-03
1.716855645179748535e+00
-3.002693643793463707e-03
-6.904536485671997070e-01
7.137902975082397461e-01
3.641220092773437500e+00
-3.002560464665293694e-03
-3.002708312124013901e-03
4.959815740585327148e-01
2.626816272735595703e+00
3.158349275588989258e+00
8.018065094947814941e-01
-3.002561395987868309e-03
6.360704898834228516e-01
-3.002711338922381401e-03
-3.002607962116599083e-03
6.735722422599792480e-01
-3.000363009050488472e-03
-3.000267082825303078e-03
2.906504154205322266e+00
-3.002720419317483902e-03
-3.002639161422848701e-03
-2.184330701828002930e+00
-3.002675250172615051e-03
2.527461051940917969e-01
3.305163979530334473e-01
1.395608037710189819e-01
8.103967905044555664e-01
5.815975069999694824e-01
-3.002647543326020241e-03
1.475161761045455933e-01
2.806019306182861328e+00
-3.002678975462913513e-03
4.986636161804199219e+00
-3.002741839736700058e-03
7.082698345184326172e-01
7.583354115486145020e-01
-3.002729499712586403e-03
7.932473421096801758e-01
1.667805671691894531e+00
-3.002672921866178513e-03
5.853005647659301758e-01
-3.002615645527839661e-03
-3.002731362357735634e-03
-3.002592828124761581e-03
2.594484686851501465e-01
-3.002549521625041962e-03
3.354395627975463867e+00
-3.291074037551879883e-01
-3.002666868269443512e-03
5.117073059082031250e-01
-2.459359407424926758e+00
-3.002526238560676575e-03
-3.002680139616131783e-03
-3.002739511430263519e-03
-4.340727329254150391e-01
-3.002713900059461594e-03
1.459181904792785645e-01
-2.491263449192047119e-01
1.582496911287307739e-01
-3.002661280333995819e-03
-3.002734854817390442e-03
1.126489996910095215e+00
3.295779228210449219e-02
-3.002723446115851402e-03
-1.932543665170669556e-01
2.976340293884277344e+00
4.388161659240722656e+00
-3.002611454576253891e-03
-3.002697369083762169e-03
-3.002719022333621979e-03
-3.002584679052233696e-03
5.207737684249877930e-01
-1.061966180801391602e+00
-3.002382116392254829e-03
-3.002722514793276787e-03
-3.002316690981388092e-03
-3.002683166414499283e-03
-3.002584213390946388e-03
5.136156558990478516e+00
1.825902104377746582e+00
8.264819383621215820e-01
-3.002642653882503510e-03
-3.002137178555130959e-03
-3.002729965373873711e-03
8.492036908864974976e-02
-3.002203302457928658e-03
2.098531723022460938e+00
-3.002733225002884865e-03
-3.002732293680310249e-03
-2.998729934915900230e-03
2.704038023948669434e-01
3.732870817184448242e+00
-3.002434968948364258e-03
-3.002688754349946976e-03
1.150943756103515625e+00
-7.125406265258789062e-01
6.111064553260803223e-01
1.551823139190673828e+00
-3.002665005624294281e-03
-3.002726705744862556e-03
-2.985863247886300087e-03
-6.014576926827430725e-02
3.163726568222045898e+00
-3.002692712470889091e-03
7.153129577636718750e-01
4.943461894989013672e+00
5.534811973571777344e+00
1.044244691729545593e-01
-8.555420637130737305e-01
2.801024913787841797e+00
-3.002689452841877937e-03
4.277590215206146240e-01
-3.002737648785114288e-03
-3.002598881721496582e-03
6.860093474388122559e-01
-3.002690151333808899e-03
8.328073024749755859e-01
-3.002664307132363319e-03
-3.002708544954657555e-03
-3.002742305397987366e-03
5.276729464530944824e-01
-3.002584213390946388e-03
-3.002632409334182739e-03
9.143260121345520020e-01
-3.002718789502978325e-03
4.276661276817321777e-01
5.420600414276123047e+00
-3.002739744260907173e-03
6.575420498847961426e-01
1.377565622329711914e+00
-3.002704121172428131e-03
2.185432165861129761e-01
4.880194664001464844e+00
7.889142632484436035e-01
-3.002692712470889091e-03
5.411983013153076172e+00
1.218692183494567871e+00
-3.002665005624294281e-03
4.828530550003051758e-01
-3.002006327733397484e-03
-3.323067910969257355e-03
-3.002724377438426018e-03
8.291795849800109863e-01
-3.002711106091737747e-03
-3.002714365720748901e-03
-3.002739744260907173e-03
1.045132994651794434e+00
6.614561378955841064e-02
-3.002739977091550827e-03
-3.002719953656196594e-03
-2.697129249572753906e-01
-3.002673387527465820e-03
1.995940446853637695e+00
-3.002719022333621979e-03
-3.002732293680310249e-03
-4.076189517974853516e+00
4.893554747104644775e-01
4.266705513000488281e-01
-3.002702957019209862e-03
2.537103176116943359e+00
-3.002655925229191780e-03
-3.002375829964876175e-03
-3.002359531819820404e-03
-3.002546960487961769e-03
-3.001912264153361320e-03
5.299462318420410156e+00
-3.002703189849853516e-03
-3.001047065481543541e-03
3.709576129913330078e-01
