1.244414877146482468e-02
1.161063276231288910e-02
5.037667229771614075e-03
2.768632583320140839e-02
2.079457044601440430e-02
-1.896911859512329102e-02
-3.698990680277347565e-03
1.956749334931373596e-02
6.330234464257955551e-03
2.309787273406982422e-02
3.391394019126892090e-02
2.614211291074752808e-03
-3.920290153473615646e-03
2.298199757933616638e-02
4.233598709106445312e-02
2.624660916626453400e-02
2.981305122375488281e-02
3.998576477169990540e-02
1.002923678606748581e-02
-5.348914419300854206e-04
2.259460091590881348e-02
-1.346676610410213470e-02
2.322799339890480042e-02
-3.023789962753653526e-03
-3.111585043370723724e-02
3.162935376167297363e-02
2.211110293865203857e-02
1.068557426333427429e-02
3.351926803588867188e-03
5.814202129840850830e-03
-6.381649989634752274e-03
3.691033693030476570e-03
-1.335567887872457504e-02
5.547001492232084274e-03
-1.288532093167304993e-02
-6.514126900583505630e-03
1.353573054075241089e-03
4.401356726884841919e-02
2.026028931140899658e-02
1.664109714329242706e-02
-1.110866293311119080e-02
9.330826811492443085e-03
1.701117679476737976e-02
-7.824880070984363556e-03
1.783121190965175629e-02
-8.829282014630734921e-04
4.443551599979400635e-02
1.744073629379272461e-02
2.442998625338077545e-02
6.476239766925573349e-03
2.660801820456981659e-02
-3.945572301745414734e-03
3.398308157920837402e-02
-3.433014079928398132e-02
2.966152038425207138e-03
1.947673782706260681e-02
3.349547088146209717e-02
1.564256660640239716e-02
1.735917478799819946e-02
1.800396479666233063e-02
3.184873610734939575e-02
-1.933033578097820282e-02
2.516088448464870453e-02
4.887118935585021973e-03
1.021425472572445869e-03
1.736049912869930267e-02
1.466989517211914062e-02
2.040327526628971100e-02
6.358713842928409576e-03
7.587449159473180771e-03
7.736768573522567749e-03
-6.947406101971864700e-03
1.889136992394924164e-02
1.416309457272291183e-02
3.425112366676330566e-02
4.360110033303499222e-03
-2.609369403216987848e-05
6.382254417985677719e-03
1.840894808992743492e-03
-3.472698852419853210e-03
1.354022882878780365e-02
1.043090969324111938e-02
3.160555660724639893e-02
2.484976314008235931e-02
-1.622039824724197388e-02
-2.471948973834514618e-02
8.852671831846237183e-03
1.572059263708069921e-04
8.230671286582946777e-03
2.850706502795219421e-02
-6.190361920744180679e-03
-1.117831282317638397e-02
3.020667005330324173e-03
1.825965940952301025e-02
4.426261410117149353e-03
3.243399318307638168e-03
-7.923949742689728737e-04
-2.585315890610218048e-02
2.569535002112388611e-02
2.664537355303764343e-02
8.351210504770278931e-03
-1.171803940087556839e-02
9.632924571633338928e-03
-2.143967710435390472e-02
1.628936454653739929e-02
3.711145371198654175e-02
3.597740456461906433e-02
6.754841189831495285e-03
-1.171227823942899704e-02
2.004168182611465454e-02
-1.540172193199396133e-02
1.490512676537036896e-02
1.932782679796218872e-02
2.724001370370388031e-02
3.081246651709079742e-02
-1.215952727943658829e-02
-2.712742611765861511e-02
3.129184618592262268e-02
6.273886654525995255e-03
3.947359696030616760e-02
1.261790189892053604e-02
5.885822232812643051e-03
-1.188653241842985153e-02
1.951561681926250458e-02
1.940452493727207184e-02
5.882148165255784988e-03
6.586903706192970276e-03
-4.145107232034206390e-03
8.118364959955215454e-03
9.758792002685368061e-04
1.661440357565879822e-02
-3.745168447494506836e-02
4.061525687575340271e-03
-2.091666124761104584e-02
1.254067663103342056e-02
7.150611374527215958e-03
2.656917273998260498e-02
-3.267104178667068481e-02
3.073400584980845451e-03
2.214084006845951080e-02
1.567846722900867462e-02
-3.630661219358444214e-02
2.416301146149635315e-02
1.505203824490308762e-02
4.417625069618225098e-02
3.642720694188028574e-04
6.199908442795276642e-03
2.792595326900482178e-02
-2.311227098107337952e-02
-2.446139603853225708e-02
1.693919114768505096e-02
3.784455358982086182e-02
2.435539290308952332e-02
2.797549962997436523e-02
3.458060696721076965e-02
2.083111740648746490e-02
-5.704810842871665955e-03
-2.429321222007274628e-02
7.701314985752105713e-03
2.522250870242714882e-04
2.408937737345695496e-02
3.113044891506433487e-03
8.731137961149215698e-03
-1.615370623767375946e-02
-1.954747596755623817e-03
-3.364462405443191528e-02
9.255439974367618561e-03
3.026824444532394409e-03
2.428210340440273285e-02
2.192158624529838562e-02
1.832555048167705536e-02
1.989911496639251709e-02
-2.246290259063243866e-02
7.889323867857456207e-03
-3.886449337005615234e-02
-1.706520654261112213e-02
-6.242168601602315903e-03
-3.088183293584734201e-04
3.945069853216409683e-03
-2.018542587757110596e-02
3.069342114031314850e-02
1.765380799770355225e-02
1.957774534821510315e-02
-1.755602471530437469e-02
4.032851755619049072e-02
1.888792961835861206e-03
8.809224702417850494e-03
2.621339820325374603e-02
-2.095285989344120026e-02
4.795281682163476944e-03
-3.379798680543899536e-02
-1.435007341206073761e-02
6.678631529211997986e-03
1.497445860877633095e-03
1.999447867274284363e-02
-1.593660097569227219e-03
3.709478070959448814e-03
3.422072157263755798e-02
-6.373347714543342590e-04
2.973803784698247910e-03
2.524028066545724869e-03
-8.624316193163394928e-03
1.971980556845664978e-02
-1.952408999204635620e-02
-1.196643710136413574e-02
1.816818676888942719e-02
1.059254817664623260e-02
3.969005867838859558e-02
-3.159758448600769043e-02
2.479113824665546417e-02
-9.279532358050346375e-03
-1.505122147500514984e-02
2.439700998365879059e-02
-2.310261875391006470e-02
1.315977238118648529e-02
-2.649572305381298065e-02
2.833099290728569031e-02
3.788401931524276733e-02
2.423400618135929108e-02
1.658254489302635193e-02
1.713501662015914917e-02
1.522647682577371597e-02
-3.347972597111947834e-05
-1.486778352409601212e-02
-1.830925606191158295e-02
-7.180593907833099365e-03
5.215966608375310898e-03
6.360248196870088577e-03
3.973127808421850204e-03
2.263544499874114990e-02
-3.350149467587471008e-02
-1.311998814344406128e-02
3.678152710199356079e-02
-7.879609242081642151e-03
2.317367494106292725e-02
1.275114994496107101e-02
8.858055807650089264e-03
7.720741908997297287e-03
1.955432631075382233e-02
2.273106575012207031e-02
-3.037652466446161270e-03
-2.854039333760738373e-02
9.041783399879932404e-03
2.299819141626358032e-02
-1.828824914991855621e-02
-1.968137733638286591e-02
-1.438857335597276688e-02
3.109218180179595947e-02
-5.935098743066191673e-04
1.277107046917080879e-03
3.174149990081787109e-02
1.817098632454872131e-02
1.970557682216167450e-02
1.996196061372756958e-02
3.507333621382713318e-02
-2.244741283357143402e-02
