-9.806861877441406250e+00
-2.185795307159423828e+00
-1.162494659423828125e+01
-1.411976432800292969e+01
-9.507846832275390625e+00
-1.400498580932617188e+01
-5.387090682983398438e+00
-9.320618629455566406e+00
-5.955650806427001953e+00
-1.042331409454345703e+01
-1.011839485168457031e+01
-1.023801994323730469e+01
-5.668059349060058594e+00
3.954370737075805664e+00
-4.933541297912597656e+00
2.941924571990966797e+00
1.384888052940368652e+00
-5.714557170867919922e+00
1.122277617454528809e+00
-8.504232406616210938e+00
-5.343762397766113281e+00
-6.952376365661621094e+00
-7.735367298126220703e+00
-1.286465883255004883e+00
-8.587463378906250000e+00
-9.826114654541015625e+00
-7.818283557891845703e+00
-7.778222560882568359e+00
-4.935516357421875000e+00
-5.302811622619628906e+00
-8.673807144165039062e+00
-6.316709995269775391e+00
5.146993994712829590e-01
-6.981081962585449219e+00
3.219932794570922852e+00
-9.024373054504394531e+00
-8.224579811096191406e+00
-3.973404884338378906e+00
-9.178083419799804688e+00
-1.194764804840087891e+01
-9.141747474670410156e+00
-8.167687416076660156e+00
-6.499147891998291016e+00
-6.591262340545654297e+00
-5.215443134307861328e+00
-3.510141611099243164e+00
-3.659794569015502930e+00
-3.587411642074584961e+00
-2.313987970352172852e+00
-7.216957092285156250e+00
-9.198714256286621094e+00
-9.506853103637695312e+00
-9.149850845336914062e+00
-5.844531059265136719e+00
-6.331067562103271484e+00
-5.626411437988281250e+00
-8.718005180358886719e+00
-9.127233505249023438e+00
-8.637521743774414062e+00
-8.510643005371093750e+00
-9.762728691101074219e+00
-9.968552589416503906e+00
2.552997350692749023e+00
-8.061177253723144531e+00
-6.423835277557373047e+00
-6.850402355194091797e+00
-4.867688179016113281e+00
-2.088987350463867188e+00
-9.581529617309570312e+00
-7.049216270446777344e+00
-7.747540473937988281e+00
-5.810761928558349609e+00
-9.326847076416015625e+00
-5.134130477905273438e+00
-1.128139305114746094e+01
-3.255380868911743164e+00
-1.151054000854492188e+01
-2.551246166229248047e+00
2.553676068782806396e-01
-8.475898742675781250e+00
2.516312360763549805e+00
-1.209488630294799805e+00
3.813264131546020508e+00
-6.449843883514404297e+00
-5.021141052246093750e+00
-2.439176082611083984e+00
-9.913253784179687500e+00
-3.219637632369995117e+00
-6.811634063720703125e+00
-8.710017204284667969e+00
-1.034467601776123047e+01
-8.199746131896972656e+00
-8.053678512573242188e+00
-6.515029430389404297e+00
3.673937320709228516e+00
-7.652578830718994141e+00
-6.117143154144287109e+00
-8.513484954833984375e+00
-3.046211957931518555e+00
-4.264287948608398438e+00
-4.976406097412109375e+00
-6.977957248687744141e+00
-8.043726921081542969e+00
-3.386239528656005859e+00
-1.201730918884277344e+01
-7.579687595367431641e+00
-4.533065557479858398e-01
-8.772728919982910156e+00
-6.689489364624023438e+00
-1.459621810913085938e+01
-7.490621566772460938e+00
-9.547164916992187500e+00
-1.382718276977539062e+01
-6.974083900451660156e+00
-7.958402156829833984e+00
-1.096079063415527344e+01
-5.174901962280273438e+00
-9.333992004394531250e+00
-5.243630409240722656e+00
-4.166042804718017578e+00
-8.710784912109375000e+00
-9.681573867797851562e+00
-2.216750621795654297e+00
-5.245445728302001953e+00
-8.646217346191406250e+00
-9.183012962341308594e+00
-2.139999628067016602e+00
-5.660660266876220703e+00
-5.123496532440185547e+00
-9.189568519592285156e+00
-1.105542659759521484e+01
-2.863583087921142578e+00
-9.253513336181640625e+00
-2.595845937728881836e+00
3.557424545288085938e+00
-4.110028743743896484e+00
-4.869841575622558594e+00
-1.068008613586425781e+01
-8.567252159118652344e+00
-6.083162307739257812e+00
-9.026647567749023438e+00
3.155661344528198242e+00
-5.837682247161865234e+00
-4.411281108856201172e+00
-5.760289192199707031e+00
-1.431013774871826172e+01
-1.109231376647949219e+01
-4.946056842803955078e+00
-2.014340400695800781e+00
-1.251829743385314941e+00
-1.101742386817932129e+00
-1.082644367218017578e+01
-5.310209274291992188e+00
3.952036142349243164e+00
-1.258206558227539062e+01
-1.070138454437255859e+01
-2.584155321121215820e+00
3.010511875152587891e+00
-1.098431015014648438e+01
-6.535637855529785156e+00
-7.801612377166748047e+00
-9.229483604431152344e+00
-4.127390384674072266e+00
-8.949310302734375000e+00
-8.384420394897460938e+00
3.494452476501464844e+00
-3.950024366378784180e+00
-1.422821235656738281e+01
-3.619842290878295898e+00
-4.113973617553710938e+00
-1.205012702941894531e+01
-4.934405803680419922e+00
-3.211252689361572266e+00
-7.544135570526123047e+00
-4.138766765594482422e+00
-7.652565240859985352e-01
-4.922689437866210938e+00
-4.876136779785156250e+00
-6.588763236999511719e+00
3.307615280151367188e+00
-1.031177234649658203e+01
3.913839101791381836e+00
-8.942116737365722656e+00
-2.286343097686767578e+00
-5.983324527740478516e+00
-3.162075757980346680e+00
-6.698834419250488281e+00
-8.809371948242187500e+00
-7.717395782470703125e+00
-6.815035343170166016e+00
3.168412208557128906e+00
2.967032194137573242e+00
4.055350303649902344e+00
-1.427066326141357422e+01
-2.009971141815185547e+00
3.582339048385620117e+00
-4.766124725341796875e+00
-1.290116214752197266e+01
-7.915158748626708984e+00
-1.176961660385131836e+00
-4.646598339080810547e+00
-2.535996437072753906e+00
-4.624750614166259766e+00
-8.340177536010742188e+00
-9.679428100585937500e+00
-7.696354389190673828e+00
-7.807351589202880859e+00
-8.737971305847167969e+00
-6.938269138336181641e+00
3.914643049240112305e+00
-2.805444240570068359e+00
-9.770488739013671875e+00
-3.090205192565917969e+00
-1.429569339752197266e+01
-4.130737781524658203e+00
-3.080025672912597656e+00
3.822335958480834961e+00
-7.317621231079101562e+00
-8.259063720703125000e+00
-4.398600101470947266e+00
-1.229247474670410156e+01
-1.696363639831542969e+01
-8.978013038635253906e+00
2.912532806396484375e+00
-4.130723953247070312e+00
-9.750659942626953125e+00
-2.934831380844116211e+00
-6.048280239105224609e+00
4.024710178375244141e+00
-8.067544937133789062e+00
-1.111219024658203125e+01
-9.826860427856445312e+00
-1.027738094329833984e+01
-2.644194364547729492e+00
-7.484747409820556641e+00
-7.885358333587646484e+00
3.232053756713867188e+00
-6.381351470947265625e+00
-6.154801368713378906e+00
-2.815266847610473633e+00
-5.410182952880859375e+00
-1.259762001037597656e+01
-4.888632774353027344e+00
-1.512843608856201172e+00
-3.877047061920166016e+00
3.888012170791625977e+00
-1.348070335388183594e+01
-6.307199954986572266e+00
-8.343865394592285156e+00
-1.168820190429687500e+01
-1.190026569366455078e+01
-1.171205520629882812e+01
-2.253688335418701172e+00
-4.470363140106201172e+00
-1.451929926872253418e+00
-8.120547294616699219e+00
