2.655404619872570038e-02
3.417960554361343384e-02
6.863187998533248901e-03
9.962061420083045959e-03
2.212674822658300400e-03
1.932513900101184845e-02
1.441906765103340149e-02
1.319872867316007614e-02
-5.994347855448722839e-03
2.321683056652545929e-02
-5.835480405949056149e-04
4.183470271527767181e-03
-1.126228086650371552e-02
-2.535943931434303522e-04
2.317792922258377075e-02
2.004504762589931488e-02
7.192778866738080978e-03
4.496660549193620682e-03
1.272346545010805130e-02
3.942299261689186096e-02
-8.262477931566536427e-04
-9.901755489408969879e-03
3.687158599495887756e-02
1.090842019766569138e-02
-3.679612185806035995e-03
3.304975479841232300e-02
2.916590683162212372e-02
-4.395633190870285034e-02
2.721681445837020874e-02
1.309101842343807220e-02
3.384082391858100891e-02
-1.173298712819814682e-02
-5.566647159866988659e-04
3.999570850282907486e-03
1.134450314566493034e-03
3.404161706566810608e-02
2.480301633477210999e-02
5.833502393215894699e-03
-9.392512729391455650e-04
-3.196554898750036955e-04
6.588066462427377701e-03
5.982581991702318192e-03
1.125504355877637863e-02
3.064745292067527771e-02
-3.838826960418373346e-04
1.207660045474767685e-02
1.520077697932720184e-02
-3.214515163563191891e-04
-1.006011734716594219e-03
2.346246875822544098e-02
5.688785109668970108e-03
-5.937182577326893806e-04
-2.845875569619238377e-04
-3.907367936335504055e-04
-4.481718642637133598e-04
3.023212542757391930e-03
7.191924843937158585e-03
-1.063719298690557480e-02
1.800882816314697266e-02
4.167778417468070984e-02
3.208772093057632446e-02
-5.200043087825179100e-04
2.148761227726936340e-02
7.091332226991653442e-03
1.444384921342134476e-02
-1.013814471662044525e-03
5.414666142314672470e-03
-7.922883378341794014e-04
1.126859430223703384e-02
1.409830525517463684e-02
-5.085106473416090012e-03
2.449704892933368683e-02
-2.073888434097170830e-03
1.654415740631520748e-03
2.892301604151725769e-02
-7.767076604068279266e-04
3.035323508083820343e-02
6.164495833218097687e-03
2.327202819287776947e-02
4.629430826753377914e-03
1.942126266658306122e-02
-3.306072321720421314e-04
1.878267154097557068e-02
-1.154052675701677799e-03
3.086446411907672882e-02
-1.400487218052148819e-02
-6.904558395035564899e-04
2.441762248054146767e-03
4.445184313226491213e-04
1.159802358597517014e-02
-1.118444465100765228e-02
1.200778130441904068e-02
1.021667104214429855e-02
-3.704418195411562920e-03
3.213778883218765259e-02
1.113495416939258575e-02
2.766874246299266815e-02
4.288931842893362045e-03
-6.321443943306803703e-04
-4.667184548452496529e-04
1.940122619271278381e-02
1.134093105792999268e-02
1.543072424829006195e-02
1.393693499267101288e-02
-4.512089071795344353e-04
-7.080935174599289894e-04
4.557412862777709961e-02
-6.866839248687028885e-04
1.212371885776519775e-02
8.161973208189010620e-03
7.032367400825023651e-03
-8.708074456080794334e-04
3.629946615546941757e-03
-8.573524653911590576e-03
1.099723204970359802e-02
6.308494601398706436e-03
3.492626920342445374e-02
1.067048986442387104e-03
-7.193479686975479126e-04
-1.936631626449525356e-03
2.625921554863452911e-02
2.991283312439918518e-02
5.361307412385940552e-03
1.810565963387489319e-02
-5.939350230619311333e-04
1.144701149314641953e-02
2.716200239956378937e-02
7.919716648757457733e-03
1.338752545416355133e-02
-1.865993603132665157e-03
-1.767700654454529285e-03
-5.266055813990533352e-04
-3.321517258882522583e-03
1.292589958757162094e-02
3.441574797034263611e-02
-2.712531713768839836e-04
-1.128525473177433014e-03
2.103164792060852051e-02
2.690176479518413544e-03
3.971288725733757019e-02
2.796330256387591362e-03
-6.841568392701447010e-04
-1.239520614035427570e-03
-4.746135964524000883e-04
1.172783505171537399e-02
1.331962086260318756e-02
2.246425114572048187e-02
-4.103355575352907181e-03
3.552281856536865234e-02
4.255720973014831543e-02
-6.882465444505214691e-03
3.717786632478237152e-03
-1.084174681454896927e-02
1.418455876410007477e-02
-4.845135845243930817e-04
-1.368424296379089355e-02
7.084280718117952347e-03
-1.766968169249594212e-03
3.618573769927024841e-02
-5.329371779225766659e-04
1.578797586262226105e-03
5.689431447535753250e-03
2.457185275852680206e-02
4.813449457287788391e-03
2.033152244985103607e-02
-6.818277761340141296e-04
-8.434238843619823456e-03
1.860986580140888691e-03
1.118005812168121338e-02
1.222431845963001251e-02
1.505715027451515198e-02
-4.896838963031768799e-02
-4.889232804998755455e-04
1.316916290670633316e-02
-3.056979621760547161e-04
2.434314083075150847e-04
2.193945273756980896e-02
-1.070734811946749687e-03
8.428270928561687469e-03
4.502302501350641251e-03
2.184375934302806854e-02
1.126079354435205460e-02
8.446990512311458588e-03
1.319581549614667892e-02
1.721682399511337280e-02
2.022447250783443451e-02
-3.849136701319366693e-04
3.434332832694053650e-02
-5.053573474287986755e-02
-9.583206265233457088e-04
1.479701511561870575e-02
-1.091605518013238907e-03
-6.735224160365760326e-04
-4.506119585130363703e-04
3.662913292646408081e-02
2.423387393355369568e-02
1.568150706589221954e-02
-1.248781627509742975e-04
2.212866209447383881e-02
8.338135667145252228e-03
3.458591236267238855e-04
4.837816581130027771e-02
1.831603422760963440e-02
1.074409484863281250e-02
2.432522363960742950e-03
-1.132746110670268536e-03
2.004264295101165771e-02
2.842683345079421997e-02
5.928674712777137756e-03
-6.753827328793704510e-04
2.127230400219559669e-03
-1.238834299147129059e-02
-4.945627413690090179e-03
4.508789628744125366e-02
4.701500385999679565e-02
1.429854147136211395e-02
1.041500642895698547e-02
3.612900897860527039e-02
2.099100686609745026e-02
2.009346708655357361e-02
2.627729065716266632e-02
1.237136591225862503e-02
-7.548612775281071663e-04
5.347804632037878036e-03
-5.746921524405479431e-04
2.185679227113723755e-02
8.818248286843299866e-03
-5.032136105000972748e-04
1.766523160040378571e-02
-6.570572732016444206e-04
4.366481676697731018e-02
-7.193526835180819035e-04
2.807887271046638489e-02
8.089781738817691803e-03
2.994503825902938843e-02
-5.774996243417263031e-03
1.216309145092964172e-02
1.845971914008259773e-03
-8.219073060899972916e-04
8.990908972918987274e-03
-2.346447145100682974e-04
2.763376384973526001e-02
4.791146144270896912e-02
-3.965139621868729591e-04
5.846511572599411011e-02
-2.591657976154237986e-04
1.462712138891220093e-02
2.562811598181724548e-02
1.305834110826253891e-02
-6.289872690103948116e-04
-1.066000666469335556e-03
2.026137709617614746e-02
2.456265874207019806e-02
1.186074968427419662e-02
-1.913884305395185947e-03
1.410731673240661621e-02
