-3.002700163051486015e-03
-3.001120639964938164e-03
-3.002715529873967171e-03
-1.290042757987976074e+00
5.430570602416992188e+00
-3.002736950293183327e-03
2.733532488346099854e-01
-3.002644982188940048e-03
-3.002609591931104660e-03
1.235100626945495605e+00
6.788339018821716309e-01
-3.002715995535254478e-03
8.446285128593444824e-02
-3.002739511430263519e-03
-3.002722980454564095e-03
-3.002733457833528519e-03
9.455882906913757324e-01
-3.002515528351068497e-03
4.536555290222167969e+00
-1.484272480010986328e+00
-3.002304118126630783e-03
-3.002506215125322342e-03
-3.001683391630649567e-03
-3.002681769430637360e-03
-1.787793517112731934e+00
-3.002522978931665421e-03
-3.002279438078403473e-03
2.283116817474365234e+00
9.479670524597167969e-01
1.284643888473510742e+00
1.786350846290588379e+00
4.111988544464111328e+00
-3.002500860020518303e-03
1.077450752258300781e+00
-3.002734854817390442e-03
2.862158119678497314e-01
-3.002147888764739037e-03
5.362669229507446289e-01
-3.002555808052420616e-03
1.337233781814575195e-01
-3.002301789820194244e-03
1.593701481819152832e+00
1.699978709220886230e+00
-3.002743003889918327e-03
2.010082006454467773e+00
1.393920063972473145e+00
1.070645451545715332e+00
-3.002679441124200821e-03
-2.160860538482666016e+00
4.220393896102905273e-01
-3.001312958076596260e-03
-3.002637065947055817e-03
1.091715574264526367e+00
-3.002613084390759468e-03
-5.908295139670372009e-02
-3.002695972099900246e-03
-3.002664074301719666e-03
1.679739117622375488e+00
-3.002726007252931595e-03
-3.002737183123826981e-03
1.469382286071777344e+00
1.092313289642333984e+00
-3.002720884978771210e-03
1.816027283668518066e+00
4.147069901227951050e-02
-3.002591663971543312e-03
-2.712561368942260742e+00
1.131812334060668945e+00
-3.000764409080147743e-03
-3.002739744260907173e-03
-3.002690849825739861e-03
5.951444506645202637e-01
-3.002721117809414864e-03
1.727491259574890137e+00
-3.002509474754333496e-03
-3.002735087648034096e-03
2.017602682113647461e+00
-3.002675017341971397e-03
-3.804810345172882080e-01
-3.002718789502978325e-03
3.817693710327148438e+00
5.218922138214111328e+00
-3.002743236720561981e-03
-3.002645447850227356e-03
-3.002269892022013664e-03
-3.002737415954470634e-03
3.081725835800170898e+00
-3.001035889610648155e-03
-3.002594457939267159e-03
-3.002681769430637360e-03
-3.002713434398174286e-03
1.254912257194519043e+00
-3.002726938575506210e-03
8.810646533966064453e-01
-1.427070975303649902e+00
-3.002549288794398308e-03
-1.974446177482604980e+00
-3.002727171406149864e-03
2.804546833038330078e+00
-9.445678591728210449e-01
-3.002692246809601784e-03
1.917445182800292969e+00
9.923895001411437988e-01
-7.128381729125976562e-01
-3.002665005624294281e-03
-3.002713201567530632e-03
2.537508726119995117e+00
-3.002736717462539673e-03
1.474132418632507324e+00
2.594550609588623047e+00
-3.002695739269256592e-03
-8.992250561714172363e-01
-3.002709476277232170e-03
1.259855508804321289e+00
6.010139465332031250e+00
1.002016425132751465e+00
-3.002701792865991592e-03
-3.020600378513336182e-01
1.718953132629394531e+00
9.988106489181518555e-01
-3.002658486366271973e-03
7.311893701553344727e-01
-2.992777619510889053e-03
-3.002743469551205635e-03
1.359351873397827148e+00
-3.002728801220655441e-03
8.604673147201538086e-01
9.543196111917495728e-02
6.382118463516235352e-01
-3.002705518156290054e-03
3.456411123275756836e+00
-3.002741141244769096e-03
-3.001976525411009789e-03
-3.002718789502978325e-03
6.528841257095336914e-01
-3.002717625349760056e-03
2.016781568527221680e+00
-9.971424341201782227e-01
-3.002509474754333496e-03
-3.002733225002884865e-03
-3.002740209922194481e-03
5.634159564971923828e+00
1.639825820922851562e+00
-3.002684330567717552e-03
-2.999688033014535904e-03
-3.002721117809414864e-03
-3.002712270244956017e-03
-3.002724843099713326e-03
1.104539990425109863e+00
2.338051080703735352e+00
7.066561579704284668e-01
2.631617784500122070e-01
-3.002314362674951553e-03
-3.002629382535815239e-03
-3.001639386638998985e-03
-2.389602661132812500e-01
4.015376865863800049e-01
-3.001607023179531097e-03
-4.161627590656280518e-01
-3.002712270244956017e-03
-3.002436365932226181e-03
-3.002251032739877701e-03
-3.002709476277232170e-03
-3.002394223585724831e-03
1.116435527801513672e+00
6.788735389709472656e-01
8.825506567955017090e-01
-3.002031007781624794e-03
1.002554774284362793e+00
-3.002706449478864670e-03
1.409949541091918945e+00
7.055455446243286133e-02
1.404283165931701660e+00
-3.002741141244769096e-03
1.506018161773681641e+00
-3.002724144607782364e-03
5.888996601104736328e+00
1.068575263023376465e+00
-1.569400548934936523e+00
-3.002721350640058517e-03
-3.002563491463661194e-03
-3.002602839842438698e-03
-3.002725308761000633e-03
9.310109615325927734e-01
1.029291391372680664e+00
6.635771393775939941e-01
-3.002718091011047363e-03
2.912635564804077148e+00
-3.002720884978771210e-03
-3.002341138198971748e-03
-3.002546494826674461e-03
-3.826961994171142578e+00
-3.001778153702616692e-03
-3.002702957019209862e-03
6.960263252258300781e-01
-2.164493054151535034e-01
-3.002557205036282539e-03
2.143729686737060547e+00
3.439442217350006104e-01
4.700744628906250000e+00
-3.002726472914218903e-03
-2.996806986629962921e-03
2.992725133895874023e+00
-3.002565819770097733e-03
1.273168444633483887e+00
-3.002414479851722717e-03
-3.002715995535254478e-03
-3.002607030794024467e-03
-9.744051098823547363e-01
-3.476103782653808594e+00
-3.002722281962633133e-03
-3.002500161528587341e-03
-3.002713201567530632e-03
2.244333982467651367e+00
-4.400134682655334473e-01
4.307455062866210938e+00
2.098950445652008057e-01
5.974950790405273438e+00
4.336891174316406250e+00
-7.594224810600280762e-01
-3.002698766067624092e-03
-3.002683166414499283e-03
9.919951111078262329e-02
-3.746552169322967529e-01
9.434636235237121582e-01
2.999608993530273438e+00
5.741751194000244141e+00
-3.002732526510953903e-03
-3.002716926857829094e-03
5.675151348114013672e-01
4.662961959838867188e-01
2.617614269256591797e+00
-2.321878373622894287e-01
9.184363484382629395e-01
-2.256452441215515137e-01
-1.079929113388061523e+00
7.363691926002502441e-01
2.212979555130004883e+00
2.345351696014404297e+00
1.474022746086120605e+00
6.285846710205078125e+00
-3.002734854817390442e-03
-3.002705750986933708e-03
-3.001522971317172050e-03
-3.002714598551392555e-03
-3.002714132890105247e-03
1.197574019432067871e+00
-3.002669895067811012e-03
1.066441535949707031e+00
-3.002701327204704285e-03
-3.002731595188379288e-03
1.192017942667007446e-01
6.654616355895996094e+00
-3.002686193212866783e-03
1.755923748016357422e+00
-1.722087502479553223e+00
