2.757719345390796661e-02
1.362560200504958630e-03
2.139094658195972443e-02
-5.957633256912231445e-02
2.639770507812500000e-02
7.954907603561878204e-03
-8.517064154148101807e-03
7.261714432388544083e-03
2.003588154911994934e-02
-4.971500113606452942e-02
6.887126248329877853e-03
-2.438743598759174347e-02
-4.862401168793439865e-03
1.076500047929584980e-03
7.740812841802835464e-03
-2.464615367352962494e-02
-6.841152906417846680e-02
-1.330958586186170578e-02
2.386949956417083740e-02
5.586575344204902649e-02
3.348559141159057617e-03
