-4.769307747483253479e-02
-9.108355268836021423e-03
-1.470214407891035080e-02
1.747214607894420624e-02
-3.283432498574256897e-02
-1.687325350940227509e-02
-1.798986829817295074e-02
-3.019428253173828125e-02
-2.497152797877788544e-02
3.082019276916980743e-02
-1.712243072688579559e-03
-3.448155522346496582e-02
-1.198114827275276184e-02
2.711259946227073669e-02
-3.216532059013843536e-03
2.140060812234878540e-02
-1.916235499083995819e-02
-1.580007746815681458e-02
3.762464225292205811e-02
-1.111144665628671646e-02
-2.703923359513282776e-02
2.756415866315364838e-02
-2.793712168931961060e-02
-2.497423067688941956e-02
2.268340904265642166e-03
2.337532490491867065e-02
-3.339389339089393616e-02
-4.273942485451698303e-02
-2.000442333519458771e-02
-3.414976224303245544e-02
-1.520720683038234711e-02
-2.828695438802242279e-02
-2.177450619637966156e-02
-1.332570239901542664e-02
-3.122464008629322052e-02
5.253372341394424438e-02
3.604090213775634766e-02
-5.364783480763435364e-02
2.801633207127451897e-03
-1.299024280160665512e-02
-4.246264323592185974e-02
-5.414194986224174500e-02
5.792169645428657532e-02
-1.711548306047916412e-02
1.454970450140535831e-03
-1.178192533552646637e-02
-1.357990875840187073e-02
-5.166897922754287720e-02
-4.871121793985366821e-02
-3.106179460883140564e-02
-3.556111082434654236e-02
2.638674899935722351e-02
-1.505642663687467575e-02
-4.257115349173545837e-02
-3.525730222463607788e-02
2.125261351466178894e-02
1.258176751434803009e-02
3.113524429500102997e-02
4.519382491707801819e-02
-1.758066564798355103e-02
-1.122819725424051285e-02
-5.524660646915435791e-02
-1.939991116523742676e-02
8.243133313953876495e-03
-6.083439663052558899e-02
1.441389508545398712e-02
-2.949096821248531342e-02
3.864952921867370605e-02
1.771936379373073578e-02
4.065913334488868713e-02
-3.891697525978088379e-02
5.226298794150352478e-02
3.118304722011089325e-02
-1.470805704593658447e-02
-5.475184321403503418e-02
6.007864139974117279e-03
-1.142224296927452087e-02
9.143666364252567291e-03
2.860595099627971649e-02
1.770300418138504028e-02
-2.213366562500596046e-03
-4.985296353697776794e-02
2.590847946703433990e-02
2.692333236336708069e-02
-1.176640950143337250e-02
1.982621476054191589e-02
3.225996857509016991e-03
-1.245023962110280991e-02
-9.938480332493782043e-03
7.554163457825779915e-04
2.569690719246864319e-02
-2.331270650029182434e-02
2.502332441508769989e-02
-3.029958531260490417e-02
3.604362905025482178e-02
3.859090805053710938e-02
4.238514602184295654e-02
-2.350720576941967010e-02
-1.379377022385597229e-02
1.740683242678642273e-02
-1.384537573903799057e-02
2.826938591897487640e-02
6.647119764238595963e-03
2.355079539120197296e-02
5.871610343456268311e-02
4.654884338378906250e-02
1.436183974146842957e-02
-1.780221052467823029e-02
-5.529495701193809509e-02
-2.336280420422554016e-03
-4.234642535448074341e-02
-2.650143951177597046e-02
-1.788042113184928894e-02
-2.794799394905567169e-02
1.617801934480667114e-02
1.412834320217370987e-02
-4.273641854524612427e-02
2.576259337365627289e-02
5.030930507928133011e-03
-2.803057245910167694e-02
2.192206494510173798e-02
2.533336915075778961e-02
-2.213916368782520294e-02
7.675863802433013916e-03
-1.289815083146095276e-02
-2.036600373685359955e-02
-1.592830196022987366e-02
-3.433498367667198181e-02
-1.454972662031650543e-02
-1.014896784909069538e-03
3.144221752882003784e-02
-4.581969603896141052e-02
4.699410498142242432e-02
-3.148504346609115601e-02
2.268016897141933441e-02
2.084441483020782471e-03
-3.188022878021001816e-03
2.105396613478660583e-02
-3.443716093897819519e-02
2.723245881497859955e-02
-3.312180936336517334e-02
-3.650622908025979996e-03
7.640513125807046890e-03
-6.746089085936546326e-03
1.679860870353877544e-03
-5.165681615471839905e-02
5.088386684656143188e-02
1.774442754685878754e-02
-2.843681350350379944e-02
9.086607024073600769e-03
1.868281699717044830e-02
-3.999392502009868622e-03
-3.404812887310981750e-02
-2.065278217196464539e-02
1.907650381326675415e-02
8.118577301502227783e-03
-1.762838102877140045e-02
2.518414892256259918e-02
-3.231013193726539612e-02
-2.997624874114990234e-02
2.145624486729502678e-03
-3.798845782876014709e-02
-3.845876827836036682e-02
6.524750497192144394e-03
4.310922324657440186e-02
-2.145982906222343445e-02
-3.866559267044067383e-02
-1.405531889759004116e-03
-2.272809855639934540e-02
-5.490280222147703171e-03
-2.916546165943145752e-02
-1.890997029840946198e-02
-2.180019579827785492e-02
3.845176100730895996e-02
7.256864756345748901e-02
7.549933623522520065e-03
-2.541231177747249603e-02
-2.049079351127147675e-02
-7.446532254107296467e-04
8.696987293660640717e-03
3.753881901502609253e-02
-4.312627390027046204e-02
8.566970005631446838e-03
-1.979436259716749191e-03
1.971420599147677422e-03
-3.661802783608436584e-02
1.582349836826324463e-02
-1.280828751623630524e-02
2.407633140683174133e-02
-2.698935382068157196e-02
1.828494668006896973e-02
4.774963483214378357e-03
3.335171565413475037e-02
-4.517072439193725586e-02
-5.696743261069059372e-03
1.940291188657283783e-02
6.776271853595972061e-03
-6.568893324583768845e-03
2.715789154171943665e-02
4.772403277456760406e-03
-3.050065785646438599e-02
-2.853335440158843994e-02
-2.721847780048847198e-02
6.263145245611667633e-03
2.295446582138538361e-02
-1.246334752067923546e-03
4.218778014183044434e-02
4.796137567609548569e-03
-7.102836389094591141e-03
-4.306130483746528625e-02
2.973587810993194580e-02
1.540207210928201675e-02
2.317194454371929169e-02
-4.068154469132423401e-02
-3.050110116600990295e-02
-1.488213613629341125e-02
5.499880760908126831e-03
9.141190908849239349e-03
2.869061008095741272e-02
-2.318551018834114075e-02
-4.373881965875625610e-02
3.990973904728889465e-02
-3.851248649880290031e-03
9.903915924951434135e-04
-3.573029860854148865e-02
-2.225626260042190552e-02
-2.598504722118377686e-02
-4.014538973569869995e-02
-1.046391855925321579e-02
2.005777694284915924e-02
-2.570290118455886841e-02
-3.971064090728759766e-02
2.208164148032665253e-02
-6.327266991138458252e-02
-1.678852923214435577e-02
9.228455834090709686e-03
3.955230582505464554e-03
-7.717588916420936584e-03
1.507833693176507950e-02
-1.195668242871761322e-02
5.718550644814968109e-03
-5.508817359805107117e-02
3.643205389380455017e-02
-5.390151962637901306e-02
-5.403678491711616516e-02
-4.382575303316116333e-02
3.128816932439804077e-02
-1.263907458633184433e-02
-1.610130257904529572e-02
-1.863165758550167084e-02
1.443185564130544662e-02
1.670111902058124542e-02
-3.422764688730239868e-02
3.247384727001190186e-02
-2.088082395493984222e-02
4.286231845617294312e-02
