1.537191215902566910e-02
1.834500394761562347e-02
-1.341049186885356903e-02
1.284211035817861557e-02
1.351341418921947479e-02
-2.113255113363265991e-02
-1.823598332703113556e-02
-7.326532620936632156e-03
-1.763099990785121918e-02
-3.407744690775871277e-02
1.543816272169351578e-02
-1.256327517330646515e-02
4.449389874935150146e-02
-1.400068122893571854e-02
-2.454248070716857910e-02
-4.214365035295486450e-02
-8.652531541883945465e-03
-8.099778555333614349e-03
-1.725461892783641815e-02
-2.296561002731323242e-02
-5.837092176079750061e-02
-1.193927321583032608e-02
4.347871523350477219e-03
6.607629475183784962e-04
1.175549160689115524e-02
-1.053090300410985947e-02
-2.194397337734699249e-02
-1.689673960208892822e-02
8.551104925572872162e-03
2.567504998296499252e-03
-3.627292811870574951e-02
3.984775394201278687e-02
3.897203132510185242e-02
8.917313814163208008e-02
-4.352112486958503723e-02
-3.668905002996325493e-03
-4.484702367335557938e-03
-2.799944952130317688e-02
-4.259555786848068237e-02
2.672564610838890076e-02
-2.326670475304126740e-02
-1.518460642546415329e-02
-4.522252455353736877e-02
6.593473255634307861e-03
3.369430452585220337e-02
-2.872538287192583084e-03
-2.934701740741729736e-02
8.982491679489612579e-03
-4.415144771337509155e-02
2.360888943076133728e-02
4.112674295902252197e-02
8.530156686902046204e-03
3.878589719533920288e-02
1.629804633557796478e-02
-3.348163142800331116e-02
4.887852072715759277e-02
-3.740723710507154465e-03
5.560230463743209839e-02
-1.782625354826450348e-02
6.557152140885591507e-03
1.368681900203227997e-02
-4.364325851202011108e-02
1.501486636698246002e-02
-3.271665051579475403e-02
3.565831482410430908e-02
8.710022084414958954e-03
-3.638333454728126526e-02
-7.415561005473136902e-03
1.303017046302556992e-02
1.790688931941986084e-02
1.694580540060997009e-02
-7.974836044013500214e-03
-1.991301402449607849e-02
-2.835993655025959015e-03
1.435027830302715302e-02
3.977584652602672577e-03
1.965080760419368744e-02
-1.167273242026567459e-02
3.530080989003181458e-02
-3.091120719909667969e-02
2.051439136266708374e-02
-2.139983139932155609e-02
3.530297195538878441e-03
1.332659274339675903e-01
-1.093372050672769547e-02
-3.763843700289726257e-02
4.582303017377853394e-02
-1.360052498057484627e-03
7.022851705551147461e-02
-1.903617195785045624e-02
-1.417559478431940079e-02
8.837832137942314148e-03
1.159817911684513092e-02
-2.387179806828498840e-02
-3.007054887712001801e-02
-6.648255046457052231e-03
2.094519138336181641e-02
-2.828941680490970612e-02
-3.290642052888870239e-02
4.595837369561195374e-02
-2.406672202050685883e-02
3.457481041550636292e-02
-9.819425642490386963e-03
-4.854070488363504410e-03
3.075904678553342819e-03
-9.716864675283432007e-03
-3.305833041667938232e-02
-6.402187515050172806e-03
-1.081772614270448685e-02
2.153033949434757233e-02
1.327450200915336609e-02
-1.856007054448127747e-02
8.707693777978420258e-03
-3.309186547994613647e-02
1.864010095596313477e-02
1.446870155632495880e-02
-8.761089993640780449e-04
-5.684768781065940857e-02
5.896422546356916428e-03
-1.900020241737365723e-02
2.968711778521537781e-02
6.224239710718393326e-03
8.438418619334697723e-03
-1.788084395229816437e-02
2.029187791049480438e-02
6.608706433326005936e-03
-2.661388367414474487e-02
-4.040959756821393967e-03
1.937477290630340576e-02
4.004922881722450256e-02
-3.713075444102287292e-02
6.328613311052322388e-02
-1.616954244673252106e-02
2.316486276686191559e-02
-5.620181187987327576e-02
1.037802640348672867e-02
-1.027918304316699505e-03
-1.498663611710071564e-02
7.039341330528259277e-02
5.647166632115840912e-03
-3.218845278024673462e-02
2.693043788895010948e-03
-8.612918667495250702e-03
-4.079366102814674377e-02
2.355379052460193634e-02
-1.913383603096008301e-02
9.946163743734359741e-03
-1.875893358374014497e-04
-9.725683368742465973e-03
-6.167517974972724915e-02
3.296460211277008057e-02
-9.485927410423755646e-03
-3.415035083889961243e-03
-3.327863814774900675e-04
-5.472330376505851746e-04
1.943506533280014992e-03
-2.217247150838375092e-02
-6.445407867431640625e-02
-7.977958768606185913e-03
-3.027059137821197510e-02
4.053752869367599487e-02
-7.530241273343563080e-03
1.255574729293584824e-02
-1.445031631737947464e-02
-3.779980912804603577e-02
-1.915487274527549744e-02
-5.166073516011238098e-02
-1.712331362068653107e-02
-6.139822304248809814e-03
2.635591849684715271e-02
5.363385379314422607e-02
-1.055281702429056168e-02
5.577843263745307922e-02
-1.663379743695259094e-02
-3.957424312829971313e-02
-4.795450251549482346e-03
1.444847695529460907e-02
-1.524313702248036861e-03
1.906364783644676208e-02
-7.726743817329406738e-03
-9.953323751688003540e-03
1.974104344844818115e-02
-4.042205214500427246e-02
-1.782379671931266785e-02
6.165080890059471130e-02
2.828528545796871185e-02
2.247488591820001602e-03
-8.879858069121837616e-03
1.889420486986637115e-02
1.413921359926462173e-02
2.516643516719341278e-02
4.758478701114654541e-02
1.883509755134582520e-02
3.195102559402585030e-03
-5.647182464599609375e-02
-8.483938872814178467e-02
-2.267993055284023285e-02
-2.679666977201122791e-05
-1.366760767996311188e-02
-2.780012972652912140e-02
1.051357947289943695e-02
3.928445745259523392e-03
-3.330703591927886009e-03
-5.932450667023658752e-02
5.540859419852495193e-03
-3.961686417460441589e-02
-8.593112230300903320e-03
2.544888108968734741e-02
1.382741425186395645e-02
-8.448290638625621796e-03
1.926541700959205627e-02
1.699314080178737640e-02
-6.514945998787879944e-04
4.697831813246011734e-03
1.385186798870563507e-02
-2.042656205594539642e-02
-3.703121095895767212e-02
-2.616236452013254166e-03
-1.322706881910562515e-02
-4.519614204764366150e-02
-2.555692940950393677e-02
8.746261149644851685e-02
4.995674267411231995e-02
2.246462553739547729e-02
1.161796972155570984e-02
-5.437335465103387833e-03
-2.185626362916082144e-04
2.214873209595680237e-02
-1.674013584852218628e-02
-1.958717405796051025e-02
-3.653178736567497253e-02
-1.546824723482131958e-02
-1.562535762786865234e-02
-1.206778269261121750e-02
-5.043206620030105114e-04
-2.068341476842761040e-03
-2.391188777983188629e-02
9.978749789297580719e-03
2.707890793681144714e-02
-1.119786780327558517e-02
6.743748206645250320e-03
-3.672580420970916748e-02
-2.934839390218257904e-02
-5.733765283366665244e-05
3.165766969323158264e-02
1.883503608405590057e-02
-1.868481002748012543e-02
4.579393938183784485e-02
-5.195001512765884399e-02
-1.756559591740369797e-03
-8.256016299128532410e-03
-2.628528140485286713e-02
1.590855047106742859e-02
-1.896014809608459473e-02
1.451970171183347702e-02
8.050998672842979431e-03
