-3.838454931974411011e-02
-8.062583208084106445e-01
2.812193334102630615e-01
2.702458202838897705e-01
4.357858896255493164e-01
-1.753255873918533325e-01
-8.813772350549697876e-02
8.498757481575012207e-01
7.229131460189819336e-01
4.323148131370544434e-01
8.277957439422607422e-01
3.638034164905548096e-01
-7.462994754314422607e-02
6.638829708099365234e-01
9.598753601312637329e-02
-8.345127105712890625e-01
-6.403326392173767090e-01
2.824909985065460205e-01
-3.822259306907653809e-01
8.148566484451293945e-01
-3.338170424103736877e-02
-8.651115298271179199e-01
-4.334149360656738281e-01
-1.214048191905021667e-01
-4.527368843555450439e-01
7.478664517402648926e-01
-3.194594383239746094e-01
-5.773237347602844238e-01
-5.876115523278713226e-03
-1.631661951541900635e-01
3.030170798301696777e-01
3.871834874153137207e-01
-2.392039895057678223e-01
-4.103268980979919434e-01
7.914277911186218262e-01
-1.135329529643058777e-01
-1.344017386436462402e-01
-4.128581285476684570e-01
-6.043495535850524902e-01
8.170234560966491699e-01
1.285241395235061646e-01
4.736192524433135986e-01
-1.489781439304351807e-01
-6.970651745796203613e-01
-8.199335932731628418e-01
-4.966156780719757080e-01
-1.269871145486831665e-01
4.027389287948608398e-01
5.263555645942687988e-01
7.412138581275939941e-02
1.139413043856620789e-01
5.945946574211120605e-01
-2.217356860637664795e-01
-7.436381578445434570e-01
-5.797080993652343750e-01
-1.108363196253776550e-01
8.090938329696655273e-01
-3.346361517906188965e-01
6.686882972717285156e-01
6.712672710418701172e-01
-6.288050115108489990e-02
-5.345661640167236328e-01
-4.471240639686584473e-01
-7.441148757934570312e-01
-9.580829739570617676e-01
-8.447777032852172852e-01
1.371233314275741577e-01
-1.320028305053710938e-01
6.939345598220825195e-01
-4.599846526980400085e-02
-3.396254777908325195e-01
6.099861264228820801e-01
3.506652116775512695e-01
-4.601836949586868286e-02
2.067304216325283051e-03
5.003433823585510254e-01
-3.044750392436981201e-01
-4.154413342475891113e-01
5.851783752441406250e-01
-3.070038557052612305e-01
-3.233844414353370667e-02
-5.816364884376525879e-01
5.089890956878662109e-01
-5.224682092666625977e-01
-1.162501573562622070e-01
8.279290199279785156e-01
6.233393549919128418e-01
-4.908503890037536621e-01
3.033808469772338867e-01
-9.397491067647933960e-02
-4.502086341381072998e-01
-5.270820856094360352e-01
-1.567794084548950195e-01
-2.703863680362701416e-01
-1.626915186643600464e-01
-5.275244116783142090e-01
2.656517326831817627e-01
-1.892649084329605103e-01
9.256405383348464966e-02
-7.745897769927978516e-01
-1.522422879934310913e-01
-1.393763627856969833e-02
8.182438611984252930e-01
1.716099530458450317e-01
-5.060697197914123535e-01
6.412084698677062988e-01
-4.349606335163116455e-01
-5.122606754302978516e-01
1.825051307678222656e-01
-7.304074168205261230e-01
4.513437151908874512e-01
3.350697755813598633e-01
7.199767231941223145e-01
-5.128332376480102539e-01
6.010890007019042969e-02
5.353609323501586914e-01
2.548345923423767090e-01
-5.169802904129028320e-02
-2.495764642953872681e-01
-6.571384072303771973e-01
-8.123214840888977051e-01
-3.361670672893524170e-02
2.470231801271438599e-01
4.165497422218322754e-02
8.597360849380493164e-01
-2.663054168224334717e-01
1.662631034851074219e-01
-3.602940142154693604e-01
-4.608061015605926514e-01
7.186594009399414062e-01
-1.392870559357106686e-03
5.122243762016296387e-01
5.681856274604797363e-01
6.826027035713195801e-01
4.475166201591491699e-01
-5.241887569427490234e-01
4.448803961277008057e-01
-1.783263087272644043e-01
3.371587693691253662e-01
-4.050966203212738037e-01
-5.425670146942138672e-01
6.603896617889404297e-01
-2.201671898365020752e-01
-3.619459569454193115e-01
7.272785902023315430e-01
-2.787749469280242920e-01
-6.981469988822937012e-01
-1.948583275079727173e-01
-6.058099269866943359e-01
6.580643057823181152e-01
6.693472862243652344e-01
-2.441534996032714844e-01
3.830283582210540771e-01
-8.344482630491256714e-02
4.479641318321228027e-01
8.227655291557312012e-02
-1.622340269386768341e-02
-6.685213446617126465e-01
-3.614052534103393555e-01
8.318542242050170898e-01
2.907872796058654785e-01
6.736264377832412720e-02
-3.910894393920898438e-01
-1.812191680073738098e-03
1.518979668617248535e-01
-6.779065728187561035e-01
-5.556466579437255859e-01
2.544170916080474854e-01
-6.607986986637115479e-02
5.511510372161865234e-01
-6.211363077163696289e-01
1.112863793969154358e-01
-8.057392388582229614e-02
6.637939810752868652e-01
6.217657327651977539e-01
5.779139399528503418e-01
-6.410006284713745117e-01
-4.724516868591308594e-01
-5.655488371849060059e-01
-3.460483253002166748e-02
-4.213623404502868652e-01
8.270983695983886719e-01
-4.213969409465789795e-01
-5.302873253822326660e-01
2.063452899456024170e-01
-4.593033492565155029e-01
2.439469546079635620e-01
-5.571750998497009277e-01
1.210721358656883240e-01
-6.373673677444458008e-02
-1.054897829890251160e-01
2.040687799453735352e-01
5.333221554756164551e-01
7.167918086051940918e-01
-2.381307631731033325e-01
-4.762364625930786133e-01
-4.676401019096374512e-01
2.604422271251678467e-01
-4.589422047138214111e-01
-5.723814964294433594e-01
1.563775390386581421e-01
7.060356736183166504e-01
6.754897236824035645e-01
-6.067193150520324707e-01
1.525921821594238281e-01
-2.620371878147125244e-01
4.387260973453521729e-01
-8.753141760826110840e-01
2.195395976305007935e-01
7.848934531211853027e-01
-1.395674645900726318e-01
9.037747979164123535e-03
-1.853847354650497437e-01
5.371105298399925232e-02
2.052511274814605713e-01
-9.217864274978637695e-02
-4.088290035724639893e-01
-2.447279244661331177e-01
-7.712116837501525879e-01
-8.163377642631530762e-01
7.531479597091674805e-01
-3.165030479431152344e-01
-2.021185606718063354e-01
-2.502984702587127686e-01
2.547482252120971680e-01
5.249878764152526855e-01
7.893861085176467896e-02
-6.192311048507690430e-01
3.445446789264678955e-01
5.386601686477661133e-01
4.655965864658355713e-01
1.184794977307319641e-01
1.907815039157867432e-02
8.166477680206298828e-01
-2.193926870822906494e-01
-3.711718916893005371e-01
-7.507306337356567383e-01
4.714267253875732422e-01
5.062833428382873535e-01
-5.627998709678649902e-01
-2.275416404008865356e-01
5.978813767433166504e-01
-3.045130372047424316e-01
4.177911579608917236e-01
7.155674695968627930e-01
5.617401748895645142e-02
7.010550498962402344e-01
-4.321136511862277985e-03
-3.414513766765594482e-01
2.446173131465911865e-01
-4.409113228321075439e-01
-6.727686524391174316e-01
-3.938356637954711914e-01
5.822957754135131836e-01
-1.002709344029426575e-01
-5.944718122482299805e-01
