-1.270586997270584106e-02
7.697962224483489990e-03
-1.181777659803628922e-02
-1.023492310196161270e-02
1.933691650629043579e-02
-1.185415219515562057e-02
-9.841073304414749146e-03
-2.332906238734722137e-02
-1.571505889296531677e-02
-1.111089251935482025e-02
-1.033653318881988525e-02
-1.943930424749851227e-02
-6.149676628410816193e-03
-1.913667842745780945e-02
-3.202763618901371956e-03
-1.196740660816431046e-02
-8.977691642940044403e-03
-2.381492964923381805e-02
-1.171025540679693222e-02
-1.319033931940793991e-02
-1.126980502158403397e-02
-1.278050616383552551e-02
-1.541077438741922379e-02
-1.322333794087171555e-02
1.366846449673175812e-02
-7.325903046876192093e-03
-1.845724880695343018e-02
-1.755110919475555420e-02
-1.860096864402294159e-02
-1.604845002293586731e-02
-7.674498483538627625e-03
-2.967693470418453217e-02
-1.267463527619838715e-02
-6.746820639818906784e-03
-2.327761240303516388e-02
-2.093310002237558365e-03
-2.999905869364738464e-02
-1.752751693129539490e-02
-1.367381494492292404e-02
-1.789493486285209656e-02
-2.024749293923377991e-02
-1.634380966424942017e-02
-7.078915834426879883e-03
-1.872723177075386047e-02
-1.322224643081426620e-02
-1.421650126576423645e-02
-3.270901506766676903e-03
-2.229361794888973236e-02
-2.987111732363700867e-02
-1.262287725694477558e-03
1.346839778125286102e-02
1.189961656928062439e-02
-2.095118723809719086e-02
-5.482474807649850845e-03
-1.298103854060173035e-02
-1.111296238377690315e-03
-8.144726045429706573e-03
-1.714440621435642242e-02
-1.789443939924240112e-02
-1.202820893377065659e-02
-1.110823638737201691e-02
-9.036388248205184937e-03
9.885292500257492065e-03
-1.410291995853185654e-03
-3.031729906797409058e-02
-1.037188526242971420e-02
-8.163892198354005814e-04
2.315141959115862846e-03
-2.282853424549102783e-02
-7.476963219232857227e-04
9.853981435298919678e-03
-9.067256934940814972e-03
-4.342837259173393250e-03
-1.084349211305379868e-02
1.843091659247875214e-02
-2.629511244595050812e-02
-4.473712295293807983e-03
-1.811267808079719543e-02
-8.404288440942764282e-03
-2.616491168737411499e-02
-2.989042736589908600e-02
-1.910631172358989716e-02
-1.053992472589015961e-02
5.789255723357200623e-03
-1.700928620994091034e-02
-3.306106105446815491e-02
-7.746702991425991058e-03
-1.225722674280405045e-02
3.839400410652160645e-02
-1.501628197729587555e-02
-2.372810989618301392e-02
-1.929807662963867188e-02
-1.032454892992973328e-03
-3.707633819431066513e-03
-2.001769281923770905e-02
-1.066149491816759109e-02
-1.593909412622451782e-02
-1.614840701222419739e-02
8.192423731088638306e-03
-4.599256906658411026e-03
-1.010902971029281616e-02
-2.000528015196323395e-02
-2.253037504851818085e-02
-7.173637859523296356e-03
-1.629115082323551178e-02
1.414151396602392197e-02
-2.015337161719799042e-02
-1.507443841546773911e-02
-8.158413693308830261e-03
5.361706949770450592e-03
-2.440899051725864410e-02
-1.236950483871623874e-04
-2.611083351075649261e-02
-6.479304749518632889e-03
-2.030961029231548309e-02
-1.585747674107551575e-02
-1.121939066797494888e-02
-2.911662869155406952e-02
-1.941555924713611603e-02
-1.854300126433372498e-02
-1.229026727378368378e-02
3.408057987689971924e-02
-9.570585563778877258e-03
-1.968352589756250381e-03
-1.896133460104465485e-02
-2.189041115343570709e-02
-2.570358803495764732e-03
-1.093228068202733994e-02
2.077501453459262848e-02
-1.891928538680076599e-02
9.996942389989271760e-05
-1.448045950382947922e-02
-1.122249010950326920e-02
-2.714635618031024933e-02
-2.217590250074863434e-02
-1.331445574760437012e-02
-2.760047465562820435e-02
2.790022874251008034e-03
-1.126823481172323227e-02
-2.033711224794387817e-02
9.021980687975883484e-03
-1.515336055308580399e-02
-1.606004685163497925e-02
-2.554016187787055969e-02
-4.954172763973474503e-03
-1.313368696719408035e-02
-1.498467102646827698e-02
-2.854349650442600250e-02
-5.919401068240404129e-03
-1.145724020898342133e-02
-6.503601092845201492e-03
-2.137047424912452698e-02
3.760811686515808105e-02
-3.316930960863828659e-03
2.019905718043446541e-03
-3.056160174310207367e-02
3.638621419668197632e-02
-6.568460259586572647e-03
4.422921314835548401e-02
-6.203969009220600128e-03
-1.666901819407939911e-02
7.860721088945865631e-03
-8.950815536081790924e-04
-1.235531736165285110e-02
-3.161401674151420593e-02
-3.121329285204410553e-02
-1.626479066908359528e-02
1.145082525908946991e-02
-5.883083213120698929e-03
-2.559114620089530945e-02
-6.571759004145860672e-03
-4.324424546211957932e-03
-1.856921985745429993e-02
1.656620763242244720e-03
-8.717270568013191223e-03
-9.154513478279113770e-03
1.460486743599176407e-02
4.258957691490650177e-03
-1.187701895833015442e-02
-1.897392328828573227e-03
-1.867898553609848022e-02
4.758879542350769043e-03
-1.043727714568376541e-02
-2.041361480951309204e-02
-5.645239725708961487e-03
-1.694854116067290306e-03
-2.244449593126773834e-02
-1.346429996192455292e-02
1.609417237341403961e-02
2.799069695174694061e-02
-5.143282003700733185e-03
-2.473500184714794159e-02
-1.707911118865013123e-02
-1.036257110536098480e-02
-1.948951557278633118e-02
-9.885977022349834442e-03
-2.813957631587982178e-02
-2.114623785018920898e-02
-1.470037642866373062e-02
-5.865212529897689819e-03
1.796017959713935852e-02
-2.403511479496955872e-02
-2.282115072011947632e-02
-7.369053084403276443e-03
-4.538460820913314819e-02
-3.113185241818428040e-02
1.196986716240644455e-02
2.023425884544849396e-02
-3.195927664637565613e-02
-1.302613411098718643e-02
-1.995363458991050720e-02
9.384072385728359222e-03
-1.204656623303890228e-02
-1.434779446572065353e-02
-2.474865876138210297e-02
-1.371314469724893570e-02
-3.647064045071601868e-02
4.313596710562705994e-02
1.455422118306159973e-02
-8.185054175555706024e-03
2.317175455391407013e-02
-9.067653678357601166e-03
-1.013983599841594696e-02
-9.092633612453937531e-03
-3.446765244007110596e-03
-5.091569852083921432e-03
2.386982785537838936e-03
-4.312461242079734802e-02
7.043311838060617447e-03
-4.358625970780849457e-03
-1.370114274322986603e-02
-9.724492207169532776e-03
1.167552266269922256e-02
-1.461465377360582352e-02
-4.751285538077354431e-03
7.877072319388389587e-03
2.867595665156841278e-02
-1.888750307261943817e-02
-1.020249258726835251e-02
-2.530397474765777588e-02
-3.204995766282081604e-03
-2.206549979746341705e-03
-2.484439127147197723e-02
1.315656211227178574e-02
-1.655951142311096191e-02
-6.709039676934480667e-03
-1.068601757287979126e-02
-1.133602578192949295e-02
-2.108031697571277618e-02
1.387131866067647934e-02
-1.128302421420812607e-02
1.888160221278667450e-02
-1.937207207083702087e-02
-9.760974906384944916e-03
-3.890030784532427788e-03
-9.247227571904659271e-03
