-1.527266860008239746e+00
-1.953297019004821777e+00
4.930675327777862549e-01
4.547812640666961670e-01
-1.526895403861999512e+00
-6.234611868858337402e-01
2.545907735824584961e+00
-4.796983599662780762e-01
-1.495403766632080078e+00
-1.962211012840270996e+00
1.682738065719604492e-01
-1.443044543266296387e+00
-2.730633020401000977e-01
-1.057667732238769531e+00
-1.440738797187805176e+00
-1.815548986196517944e-01
-1.431614160537719727e+00
-1.404970884323120117e+00
-1.251783132553100586e+00
-1.056934952735900879e+00
-2.223043918609619141e+00
-6.605375409126281738e-01
-1.029989600181579590e+00
5.589677020907402039e-02
1.141696572303771973e-01
2.737580776214599609e+00
-6.270071864128112793e-01
-1.044878244400024414e+00
-5.148324370384216309e-01
-1.506223917007446289e+00
-1.412453651428222656e+00
5.382509902119636536e-02
8.691260218620300293e-01
1.282433867454528809e+00
-7.552877068519592285e-01
-5.776606798171997070e-01
-2.320606946945190430e+00
-4.005709886550903320e-01
-3.951557278633117676e-01
-2.209866046905517578e+00
3.672226965427398682e-01
2.630527317523956299e-01
-1.061235189437866211e+00
-1.935297966003417969e+00
-1.720086812973022461e+00
-1.333076000213623047e+00
-1.955111026763916016e+00
-9.059368371963500977e-01
-8.439008146524429321e-02
-1.250808089971542358e-01
3.129431605339050293e-01
-1.439939737319946289e+00
-2.036108732223510742e+00
-1.753558874130249023e+00
-7.444499731063842773e-01
2.859287261962890625e-01
3.627115786075592041e-01
-1.196106672286987305e+00
-8.577905297279357910e-01
1.163010671734809875e-01
-1.197127103805541992e+00
-1.304490208625793457e+00
-9.639233350753784180e-01
-8.494947552680969238e-01
-1.599115133285522461e-01
-1.040247559547424316e+00
-4.103333652019500732e-01
1.358856558799743652e+00
-9.684050679206848145e-01
-1.944275021553039551e+00
1.688464544713497162e-02
-4.926897883415222168e-01
-6.664510965347290039e-01
-1.201960444450378418e+00
-7.133922725915908813e-02
-1.106458425521850586e+00
1.423354297876358032e-01
-1.049650549888610840e+00
-1.044988393783569336e+00
-1.555605888366699219e+00
-1.681332826614379883e+00
-1.270029783248901367e+00
1.328395158052444458e-01
-1.644045948982238770e+00
-2.596932649612426758e-01
-1.581807136535644531e-01
-5.339608192443847656e-01
-1.933238387107849121e+00
-1.931583642959594727e+00
-8.706120848655700684e-01
-1.388163328170776367e+00
-1.146651625633239746e+00
-1.753446608781814575e-01
-1.443293213844299316e+00
6.235444545745849609e-01
3.670901758596301079e-03
-1.555968046188354492e+00
1.771119594573974609e+00
-2.363348007202148438e+00
5.742985010147094727e-01
-1.551452517509460449e+00
-1.232497453689575195e+00
-1.448922634124755859e+00
-1.226031899452209473e+00
-6.773490309715270996e-01
-1.105521559715270996e+00
-1.791462779045104980e+00
-1.432697176933288574e+00
-8.386676311492919922e-01
-1.332536697387695312e+00
-6.670385599136352539e-01
-2.713714241981506348e-01
4.291917085647583008e-01
-4.016258120536804199e-01
-1.476777791976928711e+00
-1.368355870246887207e+00
-1.100517511367797852e+00
-1.956433176994323730e+00
-1.458340167999267578e+00
-1.350313425064086914e+00
1.411641478538513184e+00
-1.933480262756347656e+00
-4.021585583686828613e-01
-1.629381895065307617e+00
-4.261932671070098877e-01
-7.903394103050231934e-01
2.614226341247558594e+00
-5.839036107063293457e-01
8.733439445495605469e-01
-7.804790139198303223e-02
-1.275446534156799316e+00
5.323292016983032227e-01
-5.511823296546936035e-01
-1.180279850959777832e+00
-1.649472117424011230e+00
-7.541720271110534668e-01
-2.255278110504150391e+00
-5.281693935394287109e-01
-1.286149859428405762e+00
-1.252567291259765625e+00
-1.504437208175659180e+00
-1.131245970726013184e+00
-6.514460593461990356e-02
-5.251583829522132874e-02
-9.536895155906677246e-01
-7.806097865104675293e-01
-3.741595745086669922e-01
6.141461133956909180e-01
-1.527308940887451172e+00
-3.031390011310577393e-01
-1.668612599372863770e+00
-9.469725489616394043e-01
-9.636172056198120117e-01
-1.347884535789489746e+00
2.710315465927124023e+00
-1.608276963233947754e+00
-1.293465852737426758e+00
-4.050531685352325439e-01
-6.212456822395324707e-01
-1.180621027946472168e+00
-1.786887168884277344e+00
-1.147502541542053223e+00
1.758663415908813477e+00
-1.012953996658325195e+00
-1.218113422393798828e+00
-8.947931528091430664e-01
-1.439111948013305664e+00
-2.028049945831298828e+00
-2.190934658050537109e+00
-1.303629755973815918e+00
-6.738148331642150879e-01
-1.230520725250244141e+00
-1.628248929977416992e+00
-1.018365502357482910e+00
1.887170910835266113e+00
-9.065280556678771973e-01
-6.886489987373352051e-01
1.333272099494934082e+00
-2.096996784210205078e+00
7.306626439094543457e-01
9.997942298650741577e-02
-1.732941150665283203e+00
-4.847500026226043701e-01
-1.691906571388244629e+00
-1.497334837913513184e+00
-1.278931736946105957e+00
1.705445170402526855e+00
-1.316384434700012207e+00
-1.992470979690551758e+00
-1.188167810440063477e+00
5.453171133995056152e-01
-1.193899869918823242e+00
-1.273415327072143555e+00
-1.463348269462585449e+00
7.655838131904602051e-01
-8.233816921710968018e-02
1.996783733367919922e+00
-1.884868741035461426e+00
-6.537467837333679199e-01
-1.279273152351379395e+00
-5.103986859321594238e-01
-2.281146526336669922e+00
1.182904932647943497e-02
-2.579866051673889160e-01
-7.980147004127502441e-01
2.001588791608810425e-02
-1.132627487182617188e+00
-6.659741401672363281e-01
-1.533612728118896484e+00
-2.238021135330200195e+00
-1.023842573165893555e+00
-1.135639309883117676e+00
-1.248162150382995605e+00
-1.078055143356323242e+00
-7.689656615257263184e-01
-2.017727851867675781e+00
-1.518243908882141113e+00
-1.284467101097106934e+00
2.717849731445312500e+00
-1.351699590682983398e+00
-1.631728649139404297e+00
5.570738390088081360e-02
-2.026242494583129883e+00
-1.590775012969970703e+00
-5.816559121012687683e-02
-1.515712857246398926e+00
-1.121352791786193848e+00
-1.730562806129455566e+00
-2.085326910018920898e+00
-8.361098766326904297e-01
-1.909189105033874512e+00
-6.026071310043334961e-01
-1.449361920356750488e+00
-5.344109535217285156e-01
-1.903998732566833496e+00
-9.957708716392517090e-01
1.284883469343185425e-01
-1.298189163208007812e+00
3.034702129662036896e-02
-5.777288079261779785e-01
-2.171467065811157227e+00
-3.965935409069061279e-01
-9.501546621322631836e-01
-1.934470057487487793e+00
3.502894192934036255e-02
-8.575342893600463867e-01
-2.235237360000610352e+00
-8.159132003784179688e-01
-6.097148656845092773e-01
-2.629953622817993164e+00
3.462259769439697266e-01
-6.125748157501220703e-01
-1.560004949569702148e+00
-1.611802577972412109e+00
3.231620490550994873e-01
-6.290357708930969238e-01
