-1.839743182063102722e-02
1.050203442573547363e+00
-4.562652204185724258e-03
-3.829984692856669426e-03
2.512052357196807861e-01
7.573128938674926758e-01
-4.394383635371923447e-03
1.965599775314331055e+00
-3.002648474648594856e-03
7.937721014022827148e-01
1.085764050483703613e+00
1.805463194847106934e+00
-4.000460729002952576e-03
2.661176681518554688e+00
-7.065025568008422852e-01
1.991366267204284668e+00
8.118331432342529297e-01
5.125751718878746033e-02
9.192095398902893066e-01
6.673105359077453613e-01
1.098850294947624207e-01
8.923085778951644897e-02
1.287265587598085403e-02
-5.370658636093139648e-02
-4.174466244876384735e-03
1.050383567810058594e+00
1.022144079208374023e+00
-6.238804757595062256e-02
-3.002661745995283127e-03
-3.585892962291836739e-03
-3.002389101311564445e-03
3.049305677413940430e-01
3.231630921363830566e-01
2.845994234085083008e+00
-8.223407715559005737e-02
-4.746246337890625000e-02
-1.913120746612548828e-01
1.173990845680236816e+00
2.961577415466308594e+00
5.714924540370702744e-03
3.480433300137519836e-02
1.863340497016906738e+00
1.518108487129211426e+00
-1.631052345037460327e-01
7.122564315795898438e-01
-3.597999457269906998e-03
-3.756539523601531982e-01
-3.555753268301486969e-03
-4.945832192897796631e-01
9.833437800407409668e-01
-3.002652199938893318e-03
-4.512816369533538818e-01
-2.640587463974952698e-02
7.076823711395263672e-01
8.481023907661437988e-01
-6.849811077117919922e-01
-3.508338704705238342e-03
-3.550074528902769089e-03
2.287669420242309570e+00
-3.002640325576066971e-03
-4.266711883246898651e-03
-3.826532047241926193e-03
-3.002652199938893318e-03
-5.935292840003967285e-01
2.155736446380615234e+00
1.254916936159133911e-02
-6.130035594105720520e-02
5.851975679397583008e-01
-3.426062176004052162e-03
8.506149649620056152e-01
-3.902217606082558632e-03
1.242265582084655762e+00
2.842314075678586960e-03
-3.757346887141466141e-03
3.423718929290771484e+00
-3.002616111189126968e-03
1.403239071369171143e-01
1.069965720176696777e+00
-1.696295663714408875e-02
-3.002687124535441399e-03
-1.399557385593652725e-02
6.052594184875488281e-01
-5.480941757559776306e-02
-1.533502787351608276e-01
-3.694590879604220390e-03
-3.263729512691497803e-01
6.871146033518016338e-04
2.499815940856933594e+00
2.322527647018432617e+00
2.228573322296142578e+00
9.071362614631652832e-01
3.009628534317016602e+00
-4.034732002764940262e-03
-2.358679845929145813e-02
-3.014598973095417023e-03
2.889279842376708984e+00
-1.990101113915443420e-02
3.525087118148803711e+00
1.080987691879272461e+00
2.777619600296020508e+00
-1.808718219399452209e-02
-2.173146307468414307e-01
1.034578680992126465e+00
-3.634012537077069283e-03
-6.963692605495452881e-02
3.201845884323120117e+00
-6.423360202461481094e-03
-3.002598416060209274e-03
-4.203239455819129944e-02
-3.162267059087753296e-02
1.044186711311340332e+00
-3.001511562615633011e-03
4.542142152786254883e-01
8.486415147781372070e-01
-3.002605168148875237e-03
-1.370387226343154907e-01
2.155437231063842773e+00
1.904905796051025391e+00
1.768471300601959229e-02
1.089091878384351730e-02
-8.611545711755752563e-02
-3.665879135951399803e-03
1.787997603416442871e+00
-3.616052679717540741e-03
6.157432794570922852e-01
3.639622777700424194e-02
2.058958053588867188e+00
1.008085846900939941e+00
1.036495089530944824e+00
-1.919362783432006836e+00
8.541310206055641174e-03
1.552709102630615234e+00
-3.925915434956550598e-02
1.802992105484008789e+00
-3.002719022333621979e-03
-3.002664074301719666e-03
3.228898048400878906e+00
2.104777842760086060e-01
-1.615450978279113770e-01
6.752964854240417480e-01
-3.279683291912078857e-01
5.478649735450744629e-01
-3.289139131084084511e-03
2.697293281555175781e+00
2.097411394119262695e+00
5.493258237838745117e-01
-8.765145204961299896e-03
-4.282084759324789047e-03
-3.022988326847553253e-03
2.159932851791381836e+00
-3.677642904222011566e-03
-4.239687230437994003e-03
8.974263668060302734e-01
1.444606184959411621e+00
-2.399455308914184570e+00
-3.002656390890479088e-03
-1.573058776557445526e-02
-2.261222600936889648e+00
-3.738441271707415581e-03
3.202136993408203125e+00
-3.542108228430151939e-03
2.293854020535945892e-02
-1.267942041158676147e-01
-6.427820026874542236e-02
-3.532781600952148438e-01
7.608545422554016113e-01
7.038349509239196777e-01
3.228500366210937500e+00
9.919697046279907227e-01
-1.271857470273971558e-01
-8.752534985542297363e-01
-1.798721589148044586e-02
-3.568696323782205582e-03
-2.293016994372010231e-03
-2.224223613739013672e-01
3.180237114429473877e-02
-8.485147729516029358e-03
2.060021832585334778e-02
1.776529431343078613e+00
1.687461137771606445e+00
-4.305028822273015976e-03
9.925047159194946289e-01
-3.002669429406523705e-03
2.594473123550415039e+00
2.542329728603363037e-01
1.506392240524291992e+00
-4.165042657405138016e-03
3.991063311696052551e-02
2.983663082122802734e+00
5.886712670326232910e-01
-2.262395620346069336e+00
7.846223711967468262e-01
8.071047663688659668e-01
-2.424285709857940674e-01
4.936281144618988037e-01
3.140854537487030029e-01
1.857521295547485352e+00
-3.002615645527839661e-03
1.055194735527038574e+00
5.379996076226234436e-02
-3.002322511747479439e-03
1.137876033782958984e+00
-5.040028132498264313e-03
1.557660579681396484e+00
1.911603093147277832e+00
-2.323694676160812378e-01
-3.203175067901611328e-01
9.448223114013671875e-01
3.585227206349372864e-02
1.654186487197875977e+00
7.820677757263183594e-01
-3.840933088213205338e-03
1.996904015541076660e+00
8.590815663337707520e-01
-4.677162691950798035e-02
-1.147750020027160645e-01
-1.936386898159980774e-02
-2.269106656312942505e-01
7.180613279342651367e-01
2.523882150650024414e+00
1.986007928848266602e+00
-5.912855267524719238e-01
1.478999376296997070e+00
-1.450161822140216827e-02
-3.611296182498335838e-03
3.055653095245361328e+00
-3.140957057476043701e-01
-3.002608194947242737e-03
-1.698373071849346161e-02
3.088313341140747070e-01
-8.432170748710632324e-02
-5.765689909458160400e-02
-7.379955798387527466e-02
-8.044577203691005707e-03
1.274997830390930176e+00
-1.693127751350402832e-01
-3.990131430327892303e-03
2.546800851821899414e+00
-3.002675948664546013e-03
3.310106396675109863e-01
-3.002685029059648514e-03
3.793662786483764648e-02
2.083424806594848633e+00
3.498949050903320312e+00
-3.087705932557582855e-03
-2.731079701334238052e-03
4.260582029819488525e-01
-6.728460192680358887e-01
-8.999280631542205811e-02
-2.988626994192600250e-02
-3.098898567259311676e-03
-2.022560499608516693e-02
-4.017105400562286377e-01
-2.388217449188232422e+00
1.953006386756896973e+00
4.078632891178131104e-01
