4.360650479793548584e-02
3.358551114797592163e-02
4.832608997821807861e-02
3.172855079174041748e-02
-3.801992163062095642e-02
1.558428537100553513e-02
3.503695502877235413e-02
-1.575871556997299194e-02
3.053477220237255096e-02
4.115504026412963867e-02
-1.136913429945707321e-02
4.564207512885332108e-03
3.448089957237243652e-02
4.679547622799873352e-02
2.907770499587059021e-02
-1.113338116556406021e-02
-1.062156166881322861e-03
2.031021751463413239e-02
3.269073739647865295e-02
-1.630777865648269653e-02
2.919792197644710541e-02
1.873924769461154938e-02
4.637271538376808167e-02
-3.576463460922241211e-02
7.305736094713211060e-02
3.739725053310394287e-02
-3.258794778957962990e-03
1.451644301414489746e-02
1.058119721710681915e-02
1.557609625160694122e-02
3.634937107563018799e-02
2.606643550097942352e-02
2.822109311819076538e-02
1.358787249773740768e-02
3.915486857295036316e-02
1.123710628598928452e-02
2.368010580539703369e-02
-2.130945771932601929e-02
3.417037054896354675e-02
-3.415945544838905334e-02
9.956438094377517700e-03
1.639348082244396210e-02
-3.434540703892707825e-02
2.758993953466415405e-02
1.514064986258745193e-02
1.992305554449558258e-02
3.241181746125221252e-02
5.692034494131803513e-03
3.620951995253562927e-02
2.888375706970691681e-02
-9.344873018562793732e-03
1.825669780373573303e-02
1.199296209961175919e-02
-4.337760619819164276e-03
1.068252045661211014e-02
-4.096616990864276886e-03
1.701617799699306488e-02
3.489846363663673401e-02
5.065713822841644287e-02
3.257881850004196167e-02
-6.981525220908224583e-04
2.410161495208740234e-02
-9.996632114052772522e-03
2.839192189276218414e-02
-2.935595437884330750e-02
4.113845061510801315e-04
8.131212554872035980e-03
2.675981819629669189e-02
3.255636617541313171e-02
3.292592987418174744e-02
3.043862432241439819e-02
3.176821395754814148e-02
4.185245931148529053e-02
1.686551421880722046e-02
3.478832915425300598e-02
-6.612503435462713242e-03
2.086511626839637756e-02
1.685209013521671295e-02
2.787626162171363831e-02
3.813060000538825989e-02
-1.066789729520678520e-03
2.618748508393764496e-02
3.500969335436820984e-02
2.425444498658180237e-02
4.081395454704761505e-03
1.585135422646999359e-02
3.493745252490043640e-02
9.791612625122070312e-03
4.161557927727699280e-02
-2.350837457925081253e-04
-4.594594240188598633e-03
2.443128265440464020e-02
1.003692485392093658e-02
2.480120956897735596e-02
3.263820707798004150e-02
-1.814459078013896942e-02
-5.254174582660198212e-03
2.896867692470550537e-02
2.228561416268348694e-02
-1.618117839097976685e-02
3.879121690988540649e-02
5.700920149683952332e-02
3.959300927817821503e-03
3.109670430421829224e-02
3.194112330675125122e-02
2.687638811767101288e-02
2.657435089349746704e-02
2.678816206753253937e-02
3.446423262357711792e-02
3.504535555839538574e-02
4.924376308917999268e-02
1.795651949942111969e-02
-2.383737126365303993e-03
2.310300432145595551e-02
1.483404543250799179e-02
1.221879292279481888e-02
3.922729566693305969e-02
2.713884226977825165e-02
1.386418705806136131e-03
3.985609859228134155e-02
3.772916644811630249e-02
3.172015026211738586e-02
2.744827419519424438e-02
3.965554386377334595e-02
1.855058036744594574e-02
2.365758828818798065e-02
-2.552101947367191315e-02
-1.484881737269461155e-03
-1.756107248365879059e-02
-2.692534215748310089e-02
1.625154353678226471e-02
1.931000314652919769e-02
3.227068483829498291e-02
1.144770719110965729e-02
-1.429083931725472212e-04
4.721269011497497559e-02
-7.710607722401618958e-03
2.395956031978130341e-02
1.838105497881770134e-03
6.109783891588449478e-03
4.239210486412048340e-02
4.960463847965002060e-03
9.685664437711238861e-03
2.091822028160095215e-02
-1.093733590096235275e-02
3.334451094269752502e-02
1.579448953270912170e-02
8.950685150921344757e-03
-2.792628668248653412e-02
1.959105022251605988e-02
2.326602116227149963e-02
-5.780638195574283600e-03
1.548745296895503998e-02
2.327175065875053406e-02
4.772109445184469223e-03
1.624545082449913025e-02
8.836003020405769348e-03
1.200005970895290375e-02
1.856184564530849457e-02
1.111670583486557007e-02
2.729498967528343201e-02
3.213098645210266113e-02
2.163571864366531372e-02
3.452491387724876404e-02
2.053701691329479218e-02
8.005656301975250244e-03
3.366511687636375427e-02
6.942173838615417480e-02
2.661587111651897430e-02
1.141426991671323776e-02
1.850570738315582275e-02
-4.957798123359680176e-02
4.525259509682655334e-02
-5.902116186916828156e-03
1.769597828388214111e-02
2.253844030201435089e-02
2.473118156194686890e-02
3.145584464073181152e-02
4.263272136449813843e-02
5.159973725676536560e-02
1.889697276055812836e-02
2.921193279325962067e-02
4.049180820584297180e-02
4.914121702313423157e-02
3.739390522241592407e-02
4.076353833079338074e-02
1.239542290568351746e-02
5.961214005947113037e-02
1.421455293893814087e-02
2.222990803420543671e-02
-1.090830564498901367e-02
1.505922060459852219e-02
3.269100189208984375e-02
4.344620928168296814e-02
2.693370357155799866e-02
2.034796588122844696e-02
2.254743687808513641e-02
1.198804285377264023e-02
2.040661498904228210e-02
9.998477995395660400e-03
6.778061389923095703e-03
5.896736308932304382e-02
4.246985539793968201e-02
2.815943583846092224e-02
1.826080121099948883e-02
2.739318646490573883e-02
1.021728198975324631e-02
3.639014437794685364e-02
2.138103358447551727e-02
1.621729810722172260e-03
4.278319701552391052e-02
3.477185964584350586e-03
2.416513673961162567e-02
1.326869800686836243e-02
1.058182865381240845e-02
1.170762348920106888e-02
5.534892901778221130e-02
-8.919982239603996277e-03
-5.199068225920200348e-03
1.819506473839282990e-02
3.483972512185573578e-03
5.066394805908203125e-02
5.349374376237392426e-03
1.533105038106441498e-02
5.258632823824882507e-02
4.880392923951148987e-02
1.369019411504268646e-02
4.427023231983184814e-02
1.851865835487842560e-02
3.444186970591545105e-02
5.029395222663879395e-02
-3.171015530824661255e-02
-4.210713878273963928e-02
-3.246084973216056824e-02
3.955989331007003784e-02
3.060400113463401794e-02
1.925176382064819336e-02
5.667522549629211426e-02
2.631857804954051971e-02
3.380439057946205139e-02
1.584405661560595036e-03
5.223109573125839233e-02
3.097911365330219269e-02
2.044789679348468781e-02
-3.163619339466094971e-02
8.235092274844646454e-03
3.415258228778839111e-02
5.447632819414138794e-02
3.720722720026969910e-02
2.869990468025207520e-02
-6.231882143765687943e-03
-2.177349291741847992e-03
1.624028384685516357e-02
1.735390722751617432e-02
2.492484636604785919e-02
3.016488067805767059e-02
