6.861725449562072754e-02
2.314721979200839996e-02
-2.613175194710493088e-03
2.528656972572207451e-03
-9.947062470018863678e-03
4.365272819995880127e-02
-5.695059662684798241e-04
-8.538495749235153198e-03
-4.236426902934908867e-04
-4.096592590212821960e-02
4.025715962052345276e-02
1.668750308454036713e-02
-5.284129874780774117e-04
1.919825212098658085e-03
-1.264095958322286606e-02
-2.398910000920295715e-03
-4.596470098476856947e-04
-4.086698463652282953e-04
7.418802380561828613e-02
7.456770399585366249e-04
7.061554491519927979e-02
-2.778704743832349777e-03
1.987494714558124542e-02
7.391400635242462158e-02
-6.728825974278151989e-04
-5.895448848605155945e-04
3.971629962325096130e-02
3.097528964281082153e-02
-4.348658549133688211e-04
6.847874820232391357e-02
6.847371906042098999e-02
-9.817234240472316742e-03
-3.525034117046743631e-04
3.506923839449882507e-02
1.396331936120986938e-02
2.766855433583259583e-02
1.398513186722993851e-02
-3.580944903660565615e-04
-1.074197422713041306e-02
6.903858389705419540e-03
-4.168704908806830645e-04
4.774913191795349121e-02
-8.870777674019336700e-03
5.834453552961349487e-02
6.085167638957500458e-03
7.290784269571304321e-02
2.204654365777969360e-02
-3.323516284581273794e-04
-5.877595976926386356e-04
-5.214766133576631546e-03
-4.605579189956188202e-03
-3.838269331026822329e-04
8.917754516005516052e-03
4.037366062402725220e-02
4.764576908200979233e-03
3.033388406038284302e-02
-5.360159557312726974e-04
2.703352086246013641e-02
-2.512186765670776367e-02
-8.110010530799627304e-04
1.070291362702846527e-02
9.510707110166549683e-03
4.769229516386985779e-02
-3.389566845726221800e-04
-6.085110362619161606e-03
2.361418009968474507e-04
6.624139379709959030e-03
2.313255704939365387e-02
1.263055671006441116e-02
5.950989201664924622e-03
-4.493436717893928289e-04
-1.281429082155227661e-02
6.454037502408027649e-03
1.802353560924530029e-02
-2.810438163578510284e-03
4.146095830947160721e-03
3.270965442061424255e-02
7.526284549385309219e-03
-2.605038462206721306e-04
5.248164013028144836e-02
-6.347011076286435127e-04
2.035930519923567772e-03
-2.432254841551184654e-03
3.680675849318504333e-02
3.621625900268554688e-02
-3.011200577020645142e-03
-1.549499016255140305e-02
-5.625747726298868656e-04
-4.175475623924285173e-04
2.872476913034915924e-02
8.799148723483085632e-03
3.634066879749298096e-02
2.441895939409732819e-02
6.538352370262145996e-02
-1.460720377508550882e-04
-4.584867274388670921e-04
1.454687118530273438e-02
-7.057971321046352386e-03
7.030596490949392319e-03
-7.254544179886579514e-04
-1.562300603836774826e-02
7.729198783636093140e-02
3.196679800748825073e-02
2.236552163958549500e-02
-4.834562714677304029e-04
2.975119650363922119e-02
-2.847470343112945557e-03
-2.484536357223987579e-02
1.921928301453590393e-02
3.468095138669013977e-02
-1.983228698372840881e-02
1.981943286955356598e-02
-1.009256672114133835e-02
-2.857438661158084869e-02
-5.642701871693134308e-04
-1.534185837954282761e-03
-4.333500110078603029e-04
2.252710750326514244e-03
7.552645169198513031e-03
1.474015507847070694e-02
7.006864994764328003e-02
-3.468996379524469376e-03
-5.852657486684620380e-04
-1.455012615770101547e-02
4.698859993368387222e-03
3.035565838217735291e-02
-2.039426192641258240e-02
-2.841219305992126465e-03
-3.055352135561406612e-04
-1.855761511251330376e-04
1.094554644078016281e-02
-7.520308718085289001e-03
7.932267151772975922e-03
1.317811012268066406e-02
2.850093320012092590e-02
5.968424491584300995e-03
-1.899413950741291046e-02
-3.874319736496545374e-05
-6.231500301510095596e-03
6.686344742774963379e-02
-5.877475487068295479e-04
-1.440615206956863403e-02
2.601321041584014893e-02
-2.028832770884037018e-02
-6.958944723010063171e-04
-9.640994830988347530e-04
4.198630526661872864e-02
1.954517513513565063e-02
-3.777189122047275305e-04
-4.612714692484587431e-04
-2.741590724326670170e-04
3.235458955168724060e-02
-5.135457031428813934e-04
1.606545038521289825e-02
1.442858017981052399e-02
1.853020489215850830e-02
3.243878856301307678e-02
2.914608921855688095e-03
-2.038161270320415497e-03
-1.068941783159971237e-02
1.330090593546628952e-02
-2.871004980988800526e-04
-2.412324212491512299e-02
-4.670940805226564407e-03
1.086171530187129974e-02
-9.160385525319725275e-05
-5.282804486341774464e-04
2.412226796150207520e-02
-9.963636286556720734e-03
4.183433204889297485e-02
-2.953281439840793610e-02
-4.946353845298290253e-03
5.059425719082355499e-03
1.524117775261402130e-02
6.296911090612411499e-02
3.156956657767295837e-02
5.801529064774513245e-02
2.571736229583621025e-03
-5.871912580914795399e-04
6.709492951631546021e-02
-4.907604889012873173e-04
-8.577710250392556190e-04
5.774368718266487122e-02
-2.003586292266845703e-02
2.761943079531192780e-02
-1.978782383957877755e-04
-7.761426386423408985e-04
-3.553549759089946747e-04
1.059115026146173477e-02
2.699536457657814026e-02
1.566821523010730743e-02
-3.747961949557065964e-03
1.519056875258684158e-02
-3.802827559411525726e-04
-2.025180030614137650e-03
-4.550401645246893167e-04
-2.953690011054277420e-03
-4.741681041195988655e-04
-1.907202042639255524e-02
-5.997283151373267174e-04
-2.132065128535032272e-03
-2.695348521228879690e-04
2.476198598742485046e-02
1.935230381786823273e-02
1.398720033466815948e-02
3.197119385004043579e-02
2.300044707953929901e-02
3.306940197944641113e-04
6.445312872529029846e-03
9.515721350908279419e-03
2.983286045491695404e-02
2.575051411986351013e-02
7.246521860361099243e-02
-2.997410192620009184e-04
-5.654575070366263390e-04
-5.562982987612485886e-04
-2.110823430120944977e-02
-3.676753840409219265e-04
-3.561914782039821148e-04
-3.279680968262255192e-04
-1.254048757255077362e-02
1.686533214524388313e-03
6.271828711032867432e-02
-1.716492406558245420e-04
3.688719496130943298e-02
-2.518651634454727173e-02
-1.203057076781988144e-02
-7.870685076341032982e-04
3.547369316220283508e-02
2.735378965735435486e-02
-1.825661602197214961e-04
4.108468815684318542e-02
-9.822106920182704926e-03
-3.812485956586897373e-04
2.195742353796958923e-02
4.945970140397548676e-03
-5.871729808859527111e-04
-3.979526809416711330e-04
2.919581905007362366e-02
3.105446137487888336e-02
1.277601346373558044e-02
-1.585223898291587830e-02
1.043858658522367477e-02
-4.770075320266187191e-04
-2.687363594304770231e-04
3.358934447169303894e-02
-1.226643566042184830e-02
2.716568112373352051e-02
-7.410360034555196762e-03
3.619031608104705811e-02
3.453578101471066475e-03
3.911754116415977478e-02
3.077034093439579010e-02
4.723531380295753479e-02
9.116576053202152252e-03
1.751883700489997864e-02
