-4.130783081054687500e+00
-6.557343482971191406e+00
-5.487131595611572266e+00
-3.087073564529418945e+00
-5.345595836639404297e+00
-6.857433319091796875e+00
-6.181334495544433594e+00
-1.500986218452453613e+00
-2.233857870101928711e+00
3.363506078720092773e+00
-2.310218095779418945e+00
-3.130338191986083984e+00
-6.041011810302734375e+00
-2.558502912521362305e+00
-2.195876836776733398e+00
-6.419573783874511719e+00
-5.738563060760498047e+00
-9.353787302970886230e-01
-1.062820720672607422e+01
-9.224292635917663574e-01
-8.416190743446350098e-01
-6.936295986175537109e+00
-6.164168834686279297e+00
-1.394280719757080078e+01
-4.514030456542968750e+00
-2.712787151336669922e+00
-6.282804012298583984e+00
-1.128920555114746094e+01
-3.054469347000122070e+00
-1.203121662139892578e+00
1.013807415962219238e+00
-5.406867712736129761e-02
-8.918170928955078125e+00
-2.401190280914306641e+00
-3.693850994110107422e+00
-1.746492385864257812e+00
-6.633279800415039062e+00
-8.337490081787109375e+00
-3.555617094039916992e+00
-1.651954412460327148e+00
-7.249721884727478027e-01
-2.947876930236816406e+00
-8.746664047241210938e+00
3.676534414291381836e+00
-6.340905666351318359e+00
3.953177332878112793e-01
3.150916099548339844e-01
-3.997393608093261719e+00
-6.986798763275146484e+00
-1.915449738502502441e+00
-1.761069536209106445e+00
-4.314525127410888672e+00
-5.500863552093505859e+00
-3.022707700729370117e+00
-6.380889415740966797e+00
-2.425553649663925171e-01
-2.793555736541748047e+00
-8.996531486511230469e+00
-3.193382501602172852e+00
-4.470726013183593750e+00
-6.749449253082275391e+00
-4.773046016693115234e+00
-5.921588897705078125e+00
-1.064795017242431641e+00
-5.605431079864501953e+00
-2.534853458404541016e+00
-5.275562763214111328e+00
-3.933255434036254883e+00
-8.558861732482910156e+00
-6.501423358917236328e+00
-1.109734773635864258e+00
4.347348213195800781e+00
-6.732356071472167969e+00
-3.052657842636108398e+00
-8.567966461181640625e+00
-3.499360382556915283e-01
-2.690555572509765625e+00
1.913694024085998535e+00
-3.818648099899291992e+00
2.230047807097434998e-02
-6.404338359832763672e+00
7.052818536758422852e-01
-8.539541244506835938e+00
-1.276818466186523438e+01
-7.374054431915283203e+00
4.331562519073486328e+00
-5.693122386932373047e+00
-8.719864845275878906e+00
4.990199089050292969e+00
-7.818086147308349609e+00
-2.640102386474609375e+00
-3.932564020156860352e+00
-3.076027393341064453e+00
-3.173897504806518555e+00
-5.719646453857421875e+00
4.028149127960205078e+00
-4.921022415161132812e+00
4.388803243637084961e-01
-8.459170341491699219e+00
-1.075858950614929199e+00
-4.678260385990142822e-01
-1.163471221923828125e+00
3.396018028259277344e+00
-6.067257881164550781e+00
-3.960994005203247070e+00
-5.510539054870605469e+00
-9.630603790283203125e-01
3.757082462310791016e+00
-2.880175828933715820e+00
-9.515354156494140625e+00
-2.859273433685302734e+00
-2.223908901214599609e+00
-3.681254386901855469e+00
-3.069101333618164062e+00
-2.565587997436523438e+00
-2.343067646026611328e+00
-7.049487113952636719e+00
-7.451727390289306641e+00
-6.741920471191406250e+00
4.591754913330078125e+00
-3.514676094055175781e+00
-3.178519725799560547e+00
-4.872626304626464844e+00
-2.115803241729736328e+00
3.705987215042114258e+00
-1.101525783538818359e+00
-7.758622646331787109e+00
-1.912487626075744629e+00
-7.298959255218505859e+00
-6.091402053833007812e+00
-3.676501512527465820e+00
3.804292440414428711e+00
-4.017160415649414062e+00
-1.045094966888427734e+00
-3.285499811172485352e+00
-1.420043945312500000e+00
-5.489815711975097656e+00
-1.736976861953735352e+00
-5.120708465576171875e+00
-3.748107194900512695e+00
-2.827963113784790039e+00
-2.737008571624755859e+00
-6.814339756965637207e-01
-6.167275905609130859e+00
-9.671176075935363770e-01
-2.027502536773681641e+00
-5.421370029449462891e+00
-2.094462394714355469e+00
-1.783388614654541016e+00
-4.116437435150146484e+00
-6.788548082113265991e-02
-5.438755035400390625e+00
-8.956484794616699219e+00
-4.709340095520019531e+00
-2.185387372970581055e+00
-3.494503259658813477e+00
-6.712504863739013672e+00
-4.180523872375488281e+00
-2.442495822906494141e+00
3.466022968292236328e+00
-2.015513181686401367e+00
-4.483009338378906250e+00
-3.507037878036499023e+00
-7.561911344528198242e-01
2.248634397983551025e-02
-3.620850086212158203e+00
-2.694320678710937500e+00
3.031026124954223633e+00
-3.762895822525024414e+00
6.027284264564514160e-01
-4.675182342529296875e+00
3.708597421646118164e+00
-1.848783969879150391e+00
-2.837496519088745117e+00
3.675567865371704102e+00
-4.074145317077636719e+00
2.097577810287475586e+00
-3.043282985687255859e+00
-1.784348011016845703e+00
-2.937091588973999023e+00
-8.467855453491210938e+00
3.700654983520507812e+00
-3.280147790908813477e+00
-5.020209312438964844e+00
3.532507658004760742e+00
-7.133415699005126953e+00
-9.191734313964843750e+00
-6.421530723571777344e+00
-4.283901214599609375e+00
-5.066559791564941406e+00
-2.577735662460327148e+00
3.688212633132934570e+00
-2.998501539230346680e+00
3.633505344390869141e+00
-4.357769966125488281e+00
-3.591734886169433594e+00
-2.544915199279785156e+00
1.237030148506164551e+00
-7.268017768859863281e+00
-4.717109203338623047e+00
3.776538372039794922e+00
1.443312883377075195e+00
-3.926991224288940430e+00
-2.758333683013916016e+00
-4.785864830017089844e+00
-5.378474235534667969e+00
-1.527894973754882812e+00
8.963871002197265625e-01
1.031781792640686035e+00
3.940045833587646484e+00
-7.342167854309082031e+00
-7.949841976165771484e+00
-3.769366741180419922e+00
-5.080692291259765625e+00
5.975749492645263672e-01
-6.476115226745605469e+00
-3.975724935531616211e+00
3.560444593429565430e+00
2.816218137741088867e-01
-7.094244480133056641e+00
-8.512628555297851562e+00
-1.815064787864685059e+00
-1.468998473137617111e-02
-2.597770929336547852e+00
-3.219144821166992188e+00
-8.206420898437500000e+00
3.579449653625488281e+00
-2.958003997802734375e+00
-6.530910968780517578e+00
-9.043235778808593750e+00
-3.663049459457397461e+00
-3.913278579711914062e+00
-1.422798514366149902e+00
-6.159587383270263672e+00
4.908639907836914062e+00
-6.756201267242431641e+00
4.713141918182373047e-01
-3.206745624542236328e+00
-1.338330030441284180e+00
-3.147944688796997070e+00
3.626016378402709961e+00
-1.620018839836120605e+00
2.371318817138671875e+00
-4.283874988555908203e+00
-4.765577316284179688e+00
-1.806998968124389648e+00
-6.675161838531494141e+00
-3.409092426300048828e+00
-3.659257411956787109e+00
-8.551298141479492188e+00
-4.124578475952148438e+00
-1.620938062667846680e+00
-5.770317554473876953e+00
-4.520956516265869141e+00
-1.167228221893310547e+00
-1.300896930694580078e+01
