3.491502627730369568e-02
-1.541311852633953094e-02
-6.431952584534883499e-03
4.816178977489471436e-02
-2.547140605747699738e-02
6.970737874507904053e-02
7.169897854328155518e-02
-5.667803063988685608e-02
1.241143234074115753e-02
7.535713911056518555e-02
1.602894999086856842e-02
-7.316855341196060181e-02
-3.827547188848257065e-03
5.702260136604309082e-02
2.142257615923881531e-02
3.085808362811803818e-03
3.252086415886878967e-02
6.117664650082588196e-02
8.822952397167682648e-03
6.288790702819824219e-02
-1.187882293015718460e-02
-1.146280579268932343e-02
8.596074767410755157e-03
-1.567212305963039398e-02
2.819999121129512787e-02
3.578884154558181763e-02
4.402170702815055847e-02
2.826123673003166914e-04
-6.280004978179931641e-02
6.866112351417541504e-02
3.972936421632766724e-03
9.059728682041168213e-02
7.149009406566619873e-02
8.261786401271820068e-02
2.638599276542663574e-02
2.271660231053829193e-02
6.951911747455596924e-02
6.712026428431272507e-03
7.391586899757385254e-02
-4.525177925825119019e-02
-1.647755131125450134e-02
3.233232349157333374e-02
2.899050712585449219e-02
3.511070087552070618e-02
5.255187861621379852e-03
-3.957394976168870926e-03
6.913758348673582077e-03
3.918054513633251190e-03
-2.785817161202430725e-02
1.628394471481442451e-03
7.441979646682739258e-02
-4.207220301032066345e-02
-2.762304618954658508e-03
-7.579302415251731873e-03
2.075040526688098907e-02
-7.498511113226413727e-03
2.700410597026348114e-02
2.104244194924831390e-02
2.915558777749538422e-02
5.773124471306800842e-02
-3.320624353364109993e-03
-9.304749779403209686e-03
1.478536054491996765e-02
-1.225014030933380127e-02
-4.961966350674629211e-02
1.248438749462366104e-02
2.302823774516582489e-02
-1.464342931285500526e-04
7.344124466180801392e-02
4.957040026783943176e-02
-1.383035816252231598e-02
-4.164586216211318970e-02
3.461692482233047485e-02
1.849608682096004486e-02
6.938436627388000488e-02
4.192238207906484604e-03
9.585363417863845825e-02
2.904146350920200348e-02
-1.786946505308151245e-02
-4.933398962020874023e-02
6.909450143575668335e-02
-1.079304795712232590e-02
4.422321915626525879e-02
2.609845250844955444e-02
-1.294264569878578186e-02
-2.311264351010322571e-02
-2.559969946742057800e-02
3.659769520163536072e-02
4.295878484845161438e-02
-8.399080485105514526e-03
-1.242943201214075089e-02
-2.715145796537399292e-02
2.552755177021026611e-02
3.950601816177368164e-02
4.335938394069671631e-02
1.721799746155738831e-02
-1.614210754632949829e-02
5.704383552074432373e-02
1.134059671312570572e-02
8.153118193149566650e-02
2.537714689970016479e-02
-1.130804605782032013e-02
-1.345390919595956802e-02
1.129810977727174759e-02
-4.844434093683958054e-03
2.727386914193630219e-02
1.781564205884933472e-02
9.361218661069869995e-02
-7.787716109305620193e-03
1.851209066808223724e-02
8.718480356037616730e-03
4.827706515789031982e-02
2.364197373390197754e-02
5.013694614171981812e-02
-1.768587157130241394e-02
4.579476639628410339e-02
7.822980172932147980e-03
6.737451255321502686e-02
9.168307483196258545e-02
2.345356531441211700e-02
2.753251045942306519e-02
-3.832976892590522766e-02
5.081507563591003418e-02
9.134202450513839722e-02
6.868422776460647583e-02
2.050724439322948456e-02
1.746603101491928101e-02
2.609231881797313690e-02
-5.560752935707569122e-03
-7.386580854654312134e-02
1.738172024488449097e-02
5.971148237586021423e-02
-1.226189546287059784e-02
3.660549968481063843e-02
-7.352438569068908691e-02
2.867680601775646210e-02
7.912560552358627319e-02
5.308251455426216125e-02
6.308075785636901855e-02
5.747143179178237915e-02
-1.305547077208757401e-02
3.259782120585441589e-02
-9.525306522846221924e-03
3.381550684571266174e-02
8.446066081523895264e-02
6.540568172931671143e-02
8.605252951383590698e-02
3.002043999731540680e-02
-1.337597204837948084e-04
3.535267338156700134e-02
-1.311736553907394409e-02
6.947341561317443848e-02
7.871604710817337036e-02
-2.523661591112613678e-02
-1.057560462504625320e-02
7.797546684741973877e-02
6.962313503026962280e-02
1.311313826590776443e-02
1.704175956547260284e-02
8.173210173845291138e-02
4.220713302493095398e-02
3.394695371389389038e-02
6.668281275779008865e-04
6.015496328473091125e-02
5.191198363900184631e-02
-2.994250273331999779e-03
3.112800978124141693e-02
-2.284259162843227386e-02
3.808973729610443115e-02
2.327418327331542969e-02
3.738297894597053528e-02
7.845427840948104858e-02
1.175651233643293381e-02
5.599690228700637817e-02
-9.298142790794372559e-02
6.446115206927061081e-03
4.964404180645942688e-02
7.274901121854782104e-02
3.956364002078771591e-03
3.038886375725269318e-02
-1.684911549091339111e-02
3.055487200617790222e-02
-6.118676811456680298e-02
2.288798056542873383e-02
-7.803092710673809052e-03
1.140624750405550003e-02
7.573341578245162964e-02
-2.204619813710451126e-03
2.221745252609252930e-02
-2.068733796477317810e-02
4.609604924917221069e-02
-3.561170399188995361e-02
4.687988013029098511e-02
6.687537580728530884e-02
6.369612365961074829e-02
1.098754629492759705e-02
-1.599231921136379242e-02
6.324774026870727539e-02
9.720238856971263885e-03
-5.493795615620911121e-04
4.101230576634407043e-02
7.097010314464569092e-02
6.392273306846618652e-02
3.186541050672531128e-02
-2.888850495219230652e-02
3.347628563642501831e-02
4.892127588391304016e-02
2.503643184900283813e-02
-7.089994102716445923e-02
7.706841570325195789e-04
-5.198823288083076477e-03
9.177682921290397644e-03
2.260118490085005760e-03
4.001962393522262573e-02
-1.030176319181919098e-02
4.617796465754508972e-02
-5.536918528378009796e-03
1.859935931861400604e-03
1.753849908709526062e-02
-1.934406231157481670e-03
-9.703667834401130676e-03
5.822657793760299683e-02
9.631193242967128754e-03
6.071636453270912170e-03
3.802949935197830200e-02
3.017915599048137665e-02
-5.880901589989662170e-03
6.437188386917114258e-02
2.978778630495071411e-02
4.448337107896804810e-02
3.099382854998111725e-02
3.039757907390594482e-02
6.647484004497528076e-02
4.868634510785341263e-03
1.851442083716392517e-02
-7.848080247640609741e-03
-2.137018181383609772e-02
2.547964453697204590e-02
7.944537326693534851e-03
2.227897755801677704e-02
-3.823505947366356850e-03
-3.058251738548278809e-02
3.523809835314750671e-02
-9.985442459583282471e-02
-2.760372590273618698e-04
4.033496603369712830e-02
2.213584631681442261e-02
4.635369405150413513e-02
4.105660319328308105e-02
-1.634259521961212158e-02
-4.377081617712974548e-02
2.466079778969287872e-02
-3.462995588779449463e-02
-1.345579698681831360e-02
-1.464347168803215027e-02
-2.215875498950481415e-02
