1.002717763185501099e-02
2.866427600383758545e-02
3.400347009301185608e-02
2.713164314627647400e-02
2.788068726658821106e-02
1.238416414707899094e-02
1.035901345312595367e-02
-1.183243002742528915e-02
-2.444073557853698730e-02
-1.814687810838222504e-02
-3.145177662372589111e-02
3.742802143096923828e-02
1.613861694931983948e-02
1.425855141133069992e-02
1.156833861023187637e-02
-1.735972706228494644e-03
-1.854149438440799713e-02
-4.295817110687494278e-03
-1.467477809637784958e-02
-1.438544224947690964e-02
-7.301983889192342758e-03
7.696740794926881790e-03
3.386124968528747559e-02
1.299480628222227097e-02
-1.998215727508068085e-02
-1.770210638642311096e-02
-1.844441331923007965e-02
-2.649354748427867889e-02
1.139379478991031647e-02
-4.886207357048988342e-02
7.517043501138687134e-03
2.814246714115142822e-02
-1.079826988279819489e-02
-2.063846215605735779e-02
1.797238178551197052e-02
9.581073187291622162e-03
-1.012767013162374496e-02
4.771977197378873825e-03
1.876978203654289246e-02
1.826502196490764618e-02
1.507340930402278900e-02
2.838235162198543549e-02
-2.348257414996623993e-02
-3.495497256517410278e-02
9.169698692858219147e-03
-9.219198836944997311e-04
8.461979217827320099e-03
5.090710241347551346e-03
3.100442886352539062e-02
2.162721753120422363e-02
-3.089840151369571686e-02
-5.781463347375392914e-03
2.969570085406303406e-02
-1.494784187525510788e-02
-1.081152074038982391e-02
8.892580866813659668e-03
1.974331587553024292e-02
-1.594883389770984650e-02
4.836152493953704834e-02
-3.147458191961050034e-03
2.618494629859924316e-02
1.944028958678245544e-02
-5.083767231553792953e-03
1.195070520043373108e-02
-3.676893562078475952e-02
2.361109666526317596e-02
-8.901225519366562366e-04
2.014907263219356537e-02
4.177278373390436172e-03
2.875905297696590424e-02
-1.014430448412895203e-02
3.620481118559837341e-02
-3.895225375890731812e-02
2.520614489912986755e-02
3.090725652873516083e-02
2.600408159196376801e-02
4.593929275870323181e-02
-2.863095700740814209e-02
-4.808592610061168671e-03
1.781964488327503204e-02
-1.466188114136457443e-02
-3.127691522240638733e-02
2.817780897021293640e-02
2.154340595006942749e-02
2.192119602113962173e-03
1.898971572518348694e-02
4.352843761444091797e-02
1.067478489130735397e-02
2.835554070770740509e-03
-2.825998701155185699e-03
-2.588167786598205566e-03
-3.991151461377739906e-04
1.988986693322658539e-02
1.276049204170703888e-02
3.102737851440906525e-02
2.305014245212078094e-02
8.483698591589927673e-03
1.321340072900056839e-02
-1.498707942664623260e-02
2.657688222825527191e-02
1.827696338295936584e-02
1.665735850110650063e-03
1.301376428455114365e-02
-9.429940953850746155e-03
3.145911172032356262e-02
2.966121397912502289e-02
1.542197819799184799e-02
3.810476139187812805e-02
3.711201250553131104e-02
-2.656596247106790543e-03
2.734472602605819702e-02
3.870033426210284233e-03
1.876478455960750580e-02
-2.392490766942501068e-02
2.310980856418609619e-02
-4.491601139307022095e-03
-7.657107897102832794e-03
1.947047933936119080e-02
2.617749944329261780e-02
3.024780191481113434e-02
1.276391930878162384e-02
-3.587098792195320129e-02
4.585653916001319885e-02
2.356514800339937210e-03
-1.965744420886039734e-02
3.056010976433753967e-02
4.937640391290187836e-03
2.257805690169334412e-02
2.454593777656555176e-02
-1.830643042922019958e-02
-3.541679121553897858e-03
2.432366274297237396e-02
-3.075196407735347748e-02
2.011783421039581299e-02
1.231143902987241745e-02
7.238683756440877914e-03
-4.073841962963342667e-03
-8.950927294790744781e-03
1.457336172461509705e-02
3.531189262866973877e-02
2.386257238686084747e-02
9.681297466158866882e-03
1.699885539710521698e-02
3.337317705154418945e-02
2.468060702085494995e-02
2.519992366433143616e-02
1.773173734545707703e-02
-7.379673421382904053e-03
1.051780022680759430e-02
3.890836611390113831e-02
1.162837073206901550e-02
2.533480152487754822e-02
1.836562715470790863e-02
2.214626967906951904e-02
7.851792499423027039e-03
1.250990200787782669e-02
-4.260828252881765366e-03
-1.169312931597232819e-02
1.907964795827865601e-02
1.392064709216356277e-02
-1.965074241161346436e-02
5.014234222471714020e-03
1.751468703150749207e-02
1.034628413617610931e-02
9.855959069682285190e-05
1.335743814706802368e-02
-5.158054176717996597e-03
3.416265174746513367e-02
1.661998778581619263e-02
-8.205631747841835022e-03
2.995253168046474457e-02
3.102845698595046997e-02
2.373201400041580200e-02
4.518377035856246948e-02
-1.636016555130481720e-02
1.422356721013784409e-02
-2.081511355936527252e-02
1.608695089817047119e-02
1.733905449509620667e-02
-1.734147965908050537e-02
2.265414036810398102e-02
-2.841253019869327545e-02
2.546881325542926788e-02
3.034007363021373749e-02
1.761756837368011475e-02
2.561305463314056396e-02
2.864290401339530945e-02
-1.313498429954051971e-02
2.029982395470142365e-02
1.891259476542472839e-02
-1.063178945332765579e-02
1.820891164243221283e-02
2.137387543916702271e-02
-9.063343517482280731e-03
1.300547365099191666e-02
1.487514842301607132e-02
2.572665363550186157e-02
2.302423305809497833e-02
4.092218354344367981e-02
1.967597566545009613e-02
2.639998868107795715e-02
2.787301875650882721e-02
7.305245962925255299e-04
1.920652762055397034e-02
-4.218907281756401062e-02
2.284273039549589157e-03
1.778763346374034882e-02
2.761265449225902557e-02
-2.896664198487997055e-03
-1.014013681560754776e-02
-6.273924838751554489e-03
-1.406427822075784206e-03
1.667212881147861481e-02
2.180691063404083252e-02
-4.500997252762317657e-03
-1.190457027405500412e-02
1.637769117951393127e-02
-1.828298904001712799e-02
3.752356395125389099e-02
2.343985624611377716e-02
4.375980421900749207e-02
2.866838313639163971e-02
-3.121586143970489502e-02
-2.234532497823238373e-02
1.650743000209331512e-02
1.476352661848068237e-02
3.320887219160795212e-03
-1.346800383180379868e-02
3.392991051077842712e-02
2.359689958393573761e-02
7.492634933441877365e-03
1.896151155233383179e-02
-1.626322045922279358e-02
4.395787045359611511e-02
1.737476699054241180e-02
1.218457426875829697e-02
-1.107069198042154312e-02
3.008277341723442078e-02
1.999439671635627747e-03
1.811862736940383911e-02
-9.007527260109782219e-04
-1.159680541604757309e-02
6.306301336735486984e-03
2.238199673593044281e-02
6.013517268002033234e-03
1.500366255640983582e-02
-8.195237256586551666e-03
2.910100296139717102e-02
-5.480285268276929855e-03
1.040034182369709015e-02
-1.588410511612892151e-02
2.182726189494132996e-02
1.296175736933946609e-02
1.329323276877403259e-02
2.994774654507637024e-02
3.189421072602272034e-02
