7.428611628711223602e-03
2.206043526530265808e-02
-2.817563654389232397e-04
-1.471055875299498439e-04
-3.087366058025509119e-04
2.519469708204269409e-02
2.616413682699203491e-02
3.653042018413543701e-02
5.962199531495571136e-03
1.934494078159332275e-02
-2.117570402333512902e-04
1.639980636537075043e-02
-2.572372322902083397e-04
-3.338159527629613876e-03
4.844375653192400932e-04
-4.734816029667854309e-04
-9.037734707817435265e-04
-3.098745073657482862e-04
-9.336757473647594452e-03
-2.819763030856847763e-04
1.593068055808544159e-02
3.993579652160406113e-03
6.576858868356794119e-05
-1.181330299004912376e-03
-3.091915568802505732e-04
-4.101913073100149632e-04
-5.729479016736149788e-04
2.587345615029335022e-02
-4.941001534461975098e-04
-1.109606493264436722e-02
6.812574341893196106e-03
1.648520678281784058e-02
-3.006677434314042330e-04
8.826664648950099945e-03
1.022915355861186981e-02
1.944883167743682861e-02
1.475141290575265884e-02
1.959832757711410522e-02
-1.583053171634674072e-02
-4.219873342663049698e-03
-3.451516968198120594e-04
9.751651436090469360e-03
5.316172260791063309e-03
-1.544563099741935730e-03
8.677124977111816406e-03
7.726349576842039824e-05
2.887753362301737070e-04
1.871269010007381439e-02
-2.273033023811876774e-04
3.257253393530845642e-02
-6.851386744529008865e-03
-4.864567890763282776e-03
1.843781024217605591e-02
1.602098159492015839e-02
1.320278458297252655e-02
5.798449274152517319e-03
7.441906724125146866e-03
-9.049509651958942413e-03
2.671001851558685303e-02
-4.195475194137543440e-04
9.924066253006458282e-03
-5.764139350503683090e-04
3.729521995410323143e-03
1.990453712642192841e-02
2.236344292759895325e-02
1.340236607939004898e-02
1.400305237621068954e-02
-4.931556177325546741e-04
-2.941967104561626911e-04
-4.940649159834720194e-05
4.634524136781692505e-02
-6.990508991293609142e-04
1.048310659825801849e-02
-5.102388677187263966e-04
1.782562769949436188e-02
-3.246989799663424492e-04
3.512071445584297180e-02
2.055223658680915833e-02
2.348168008029460907e-02
-7.973102619871497154e-04
-8.728009648621082306e-03
1.485619600862264633e-02
2.510257437825202942e-02
-3.761214611586183310e-04
1.508728414773941040e-02
8.970894850790500641e-03
-3.178137994837015867e-04
-2.871202887035906315e-04
2.006604149937629700e-02
-5.909769097343087196e-04
2.735761925578117371e-02
1.344633172266185284e-03
1.101947575807571411e-02
2.238450397271662951e-04
1.071758382022380829e-02
1.095016114413738251e-02
7.644623517990112305e-03
-3.841593279503285885e-04
-4.118671640753746033e-04
1.116980426013469696e-02
-3.942583221942186356e-03
-7.331554661504924297e-04
-5.629173247143626213e-04
1.443199068307876587e-02
7.796232122927904129e-03
1.939169503748416901e-02
1.303376816213130951e-02
-3.132073325105011463e-04
9.843620471656322479e-03
3.064955817535519600e-03
-6.832181825302541256e-04
1.159742381423711777e-02
3.781493753194808960e-02
-1.134464889764785767e-02
-4.930667113512754440e-03
1.598406233824789524e-04
-4.434243892319500446e-04
1.954800635576248169e-02
3.381046699360013008e-03
1.591386273503303528e-02
1.084747165441513062e-02
1.234961207956075668e-02
1.157464645802974701e-02
-3.389862540643662214e-04
-3.323835844639688730e-04
-5.995465908199548721e-04
1.478787697851657867e-02
1.719801803119480610e-03
-7.523278472945094109e-04
2.250221371650695801e-02
-8.505308069288730621e-04
-3.709807351697236300e-04
-1.483942149206995964e-03
-3.271616878919303417e-05
-1.644192088861018419e-04
1.085099764168262482e-02
2.414979226887226105e-02
1.950701512396335602e-02
1.147195231169462204e-02
1.252294238656759262e-02
-1.459167618304491043e-02
9.254173375666141510e-03
-2.336985431611537933e-02
1.945484243333339691e-02
1.588594354689121246e-02
-4.144944541621953249e-04
-4.321944143157452345e-04
-5.704007926397025585e-04
1.174070499837398529e-02
1.225084438920021057e-02
-1.114360929932445288e-04
-5.200032028369605541e-04
2.348097972571849823e-02
2.012463845312595367e-02
2.275591157376766205e-02
-2.730407379567623138e-02
-4.706964362412691116e-03
-4.151886678300797939e-04
2.165795862674713135e-02
-5.133841186761856079e-04
1.319265272468328476e-02
2.670499868690967560e-02
-6.874362006783485413e-04
-5.462065455503761768e-04
2.092835120856761932e-02
2.323110029101371765e-02
3.513457719236612320e-03
-6.101115141063928604e-03
7.405783981084823608e-03
4.615119658410549164e-03
1.744989119470119476e-02
3.127460926771163940e-02
3.114274330437183380e-02
-2.700231596827507019e-02
-2.433472691336646676e-04
4.212029278278350830e-03
1.141976471990346909e-02
-3.190588613506406546e-04
4.306441638618707657e-03
2.090409025549888611e-02
1.419790927320718765e-02
-8.151607587933540344e-03
3.916344046592712402e-02
-1.293359510600566864e-02
-3.620943753048777580e-03
1.387389842420816422e-02
-3.685389237944036722e-04
-6.228392012417316437e-04
8.584195747971534729e-03
1.344477105885744095e-02
2.516925102099776268e-03
1.505379285663366318e-02
1.904876716434955597e-02
4.449685104191303253e-03
2.366141974925994873e-02
-4.954621545039117336e-04
4.638636484742164612e-03
1.499966904520988464e-02
-1.631532609462738037e-02
6.113743875175714493e-03
2.238655276596546173e-02
-5.066928453743457794e-03
2.964267879724502563e-02
1.133936364203691483e-02
-5.184626206755638123e-03
4.308651760220527649e-02
2.511808881536126137e-03
-2.034960547462105751e-03
-3.854379465337842703e-04
1.993732713162899017e-02
1.505233813077211380e-02
2.621276117861270905e-02
-4.258703556843101978e-04
-3.829822817351669073e-04
-4.104815598111599684e-04
-3.325278521515429020e-04
4.871246404945850372e-03
1.696662418544292450e-02
-1.791935355868190527e-04
-5.308129359036684036e-03
1.439760089851915836e-03
-3.047848585993051529e-03
3.937442321330308914e-03
-2.248167293146252632e-03
4.957576747983694077e-04
9.551110677421092987e-03
1.750112697482109070e-02
5.929806269705295563e-03
-1.295283436775207520e-02
-1.704683341085910797e-02
1.706297323107719421e-02
-8.818598580546677113e-04
1.946402527391910553e-02
5.774706602096557617e-03
-9.703831747174263000e-03
-2.422286197543144226e-04
-3.902457538060843945e-04
7.805020082741975784e-03
-1.419034507125616074e-02
2.724337391555309296e-02
-5.162489251233637333e-04
5.741536617279052734e-03
1.914279721677303314e-02
-4.309763899073004723e-04
9.907081723213195801e-03
1.284622121602296829e-02
-5.543470615521073341e-04
-4.221845010761171579e-04
1.340437959879636765e-02
1.007923949509859085e-02
-1.513736043125391006e-02
-3.944021591451019049e-04
1.439034380018711090e-02
-7.235744502395391464e-03
2.168080210685729980e-02
1.583028957247734070e-02
