-3.002711338922381401e-03
-3.001088509336113930e-03
-3.002709709107875824e-03
6.352378726005554199e-01
2.155349731445312500e+00
-3.002738114446401596e-03
-9.253023862838745117e-01
-3.002602839842438698e-03
-3.002623328939080238e-03
-1.048073887825012207e+00
-7.724620401859283447e-02
-3.002711106091737747e-03
2.160633653402328491e-01
-3.002738812938332558e-03
-3.002720186486840248e-03
-3.002732526510953903e-03
1.408826231956481934e+00
-3.002494107931852341e-03
7.152320742607116699e-01
2.810009717941284180e+00
-3.002398647367954254e-03
-3.000465920194983482e-03
-3.002290613949298859e-03
-3.002664074301719666e-03
-2.540733814239501953e+00
-3.002214245498180389e-03
-3.002235898748040199e-03
7.524133920669555664e-01
6.973007321357727051e-02
1.042950510978698730e+00
4.801436066627502441e-01
-5.297102928161621094e-01
-3.002495504915714264e-03
-9.093310683965682983e-02
-3.002732293680310249e-03
4.652424752712249756e-01
-3.002127632498741150e-03
2.088793754577636719e+00
-3.002528334036469460e-03
1.556807011365890503e-01
-3.002240788191556931e-03
-7.217269539833068848e-01
3.475381612777709961e+00
-3.002740675583481789e-03
1.012075424194335938e+00
4.494799613952636719e+00
5.545361638069152832e-01
-3.002670826390385628e-03
6.817606687545776367e-01
2.015002965927124023e+00
-3.001410514116287231e-03
-3.002623096108436584e-03
2.760951280593872070e+00
-3.002537880092859268e-03
-1.366462260484695435e-01
-3.002685727551579475e-03
-3.002664074301719666e-03
-8.916863799095153809e-01
-3.002719022333621979e-03
-3.002734854817390442e-03
-1.222192525863647461e+00
3.792594194412231445e+00
-3.002720419317483902e-03
1.527673751115798950e-01
1.960968412458896637e-02
-3.002563025802373886e-03
3.613611698150634766e+00
2.113776803016662598e-01
-2.998854732140898705e-03
-3.002739045768976212e-03
-3.002690151333808899e-03
1.727135539054870605e+00
-3.002715529873967171e-03
1.849624633789062500e+00
-3.002623328939080238e-03
-3.002736717462539673e-03
1.709375858306884766e+00
-3.002653364092111588e-03
4.555646777153015137e-01
-3.002696437761187553e-03
2.357505321502685547e+00
9.421725571155548096e-02
-3.002742072567343712e-03
-3.002685727551579475e-03
-3.002267098054289818e-03
-3.002737415954470634e-03
-5.477677583694458008e-01
-3.001133678480982780e-03
-3.002568846568465233e-03
-3.002670360729098320e-03
-3.002718323841691017e-03
-4.688378274440765381e-01
-3.002713434398174286e-03
-6.350436806678771973e-01
2.136502265930175781e-01
-3.002466168254613876e-03
-5.898645520210266113e-01
-3.002724144607782364e-03
4.012138247489929199e-01
2.537592887878417969e+00
-3.002641024067997932e-03
4.381240010261535645e-01
7.276037931442260742e-01
3.844166755676269531e+00
-3.002623096108436584e-03
-3.002713667228817940e-03
-8.175475001335144043e-01
-3.002734854817390442e-03
4.243357107043266296e-02
-1.798095107078552246e+00
-3.002694109454751015e-03
1.116821050643920898e+00
-3.002695739269256592e-03
1.049997508525848389e-01
5.612881779670715332e-01
1.002917647361755371e+00
-3.002696437761187553e-03
1.382767438888549805e+00
7.500385046005249023e-01
5.303414463996887207e-01
-3.002658486366271973e-03
-8.084988594055175781e-02
-1.113686803728342056e-02
-3.002744168043136597e-03
4.116083621978759766e+00
-3.002726705744862556e-03
1.634214401245117188e+00
2.749818563461303711e+00
8.302763104438781738e-01
-3.002686193212866783e-03
1.355605006217956543e+00
-3.002740209922194481e-03
-3.001942299306392670e-03
-3.002720186486840248e-03
3.797017812728881836e+00
-3.002715064212679863e-03
6.066533327102661133e-01
-5.112814903259277344e-01
-3.002516692504286766e-03
-3.002734156325459480e-03
-3.002740209922194481e-03
3.887126445770263672e-01
7.405999302864074707e-01
-3.002694342285394669e-03
-2.986109815537929535e-03
-3.002715762704610825e-03
-3.002711106091737747e-03
-3.002722514793276787e-03
6.289281249046325684e-01
1.444904446601867676e+00
1.979374051094055176e+00
5.420606136322021484e-01
-3.002359531819820404e-03
-3.002639859914779663e-03
-3.001856151968240738e-03
4.741470217704772949e-01
3.367329016327857971e-02
-3.001510864123702049e-03
1.018842458724975586e+00
-3.002698998898267746e-03
-3.002475947141647339e-03
-3.002111800014972687e-03
-3.002707613632082939e-03
-3.002344397827982903e-03
3.244682312011718750e+00
2.838311433792114258e+00
1.924393773078918457e+00
-3.001833101734519005e-03
7.522586584091186523e-01
-3.002691082656383514e-03
1.725473850965499878e-01
1.144107818603515625e+00
-1.312460303306579590e-01
-3.002740908414125443e-03
-4.428074359893798828e-01
-3.002722049131989479e-03
3.561313748359680176e-01
9.608372449874877930e-01
4.739183485507965088e-01
-3.002715995535254478e-03
-3.002556506544351578e-03
-3.002590732648968697e-03
-3.002723446115851402e-03
2.171052694320678711e+00
4.733664989471435547e+00
-2.266035079956054688e-01
-3.002713667228817940e-03
2.090949058532714844e+00
-3.002719953656196594e-03
-3.002586541697382927e-03
-3.002587938681244850e-03
-3.685670495033264160e-01
-3.001909470185637474e-03
-3.002690616995096207e-03
4.117973327636718750e+00
-1.020732522010803223e+00
-3.002627752721309662e-03
2.442046880722045898e+00
-2.504949569702148438e-01
9.742255508899688721e-02
-3.002730198204517365e-03
-2.994917798787355423e-03
2.920825481414794922e-01
-3.002550220116972923e-03
-8.719407916069030762e-01
-3.002420300617814064e-03
-3.002719022333621979e-03
-3.002610756084322929e-03
-4.497006833553314209e-01
1.332798242568969727e+00
-3.002714132890105247e-03
-3.002492943778634071e-03
-3.002695739269256592e-03
1.899219453334808350e-01
2.728430032730102539e-01
2.953055202960968018e-01
2.214140415191650391e+00
6.187980063259601593e-03
-5.220443606376647949e-01
1.054477095603942871e+00
-3.002693876624107361e-03
-3.002680605277419090e-03
7.552210092544555664e-01
6.835282444953918457e-01
-1.046142056584358215e-01
1.720182538032531738e+00
-3.685567677021026611e-01
-3.002729499712586403e-03
-3.002716694027185440e-03
2.894741058349609375e+00
3.713128328323364258e+00
5.541319251060485840e-01
8.365590572357177734e-01
-5.875759720802307129e-01
-4.963822662830352783e-01
-4.728901684284210205e-01
3.324376344680786133e-01
-1.592158712446689606e-02
6.219919323921203613e-01
1.335725069046020508e+00
-1.100122854113578796e-01
-3.002732759341597557e-03
-3.002695739269256592e-03
-3.001570235937833786e-03
-3.002712270244956017e-03
-3.002709476277232170e-03
2.422876507043838501e-01
-3.002661280333995819e-03
3.770830035209655762e-01
-3.002704121172428131e-03
-3.002730198204517365e-03
4.806638062000274658e-01
-7.530773282051086426e-01
-3.002676414325833321e-03
-9.959480166435241699e-02
7.492467761039733887e-01
