-1.817317493259906769e-02
-9.482135064899921417e-03
2.846452593803405762e-02
5.234698206186294556e-02
2.656094916164875031e-02
-3.254096210002899170e-02
6.134651973843574524e-02
-4.412748385220766068e-03
-2.014522068202495575e-02
-1.252017449587583542e-02
-1.147837261669337749e-03
5.245305597782135010e-02
4.772766306996345520e-02
4.307241737842559814e-02
-8.101874031126499176e-03
-4.247988760471343994e-02
5.373595282435417175e-02
2.657001605257391930e-03
1.402583904564380646e-02
8.641880005598068237e-03
2.762497588992118835e-02
4.857400059700012207e-02
5.042141303420066833e-02
5.245512351393699646e-03
-1.249137986451387405e-02
-2.548699965700507164e-03
3.358868882060050964e-02
3.331935405731201172e-02
3.391534835100173950e-02
-1.295448932796716690e-02
2.683264203369617462e-02
6.405407935380935669e-02
-5.123211815953254700e-02
5.849453806877136230e-02
9.154886007308959961e-03
7.463034242391586304e-02
3.334116889163851738e-03
7.996057718992233276e-02
3.766840323805809021e-02
7.065158337354660034e-02
6.377197132678702474e-05
8.227111399173736572e-02
4.936179518699645996e-02
4.764733836054801941e-02
3.193673491477966309e-02
9.522214531898498535e-03
3.122869879007339478e-02
3.415055945515632629e-02
-2.506126090884208679e-02
4.291158169507980347e-02
6.389527022838592529e-02
3.821797296404838562e-02
2.854291163384914398e-02
-1.948496326804161072e-02
-4.974817857146263123e-02
5.081920325756072998e-02
2.358647249639034271e-02
-4.743397608399391174e-02
-1.503827609121799469e-02
6.341624259948730469e-02
5.038733407855033875e-02
1.532629504799842834e-02
-1.333510689437389374e-02
6.167493294924497604e-03
-4.859098419547080994e-02
6.523413211107254028e-02
2.005402557551860809e-02
5.858920887112617493e-02
7.505863904953002930e-03
7.369556277990341187e-02
-5.053826794028282166e-02
5.017039179801940918e-02
-1.255866326391696930e-02
7.532691210508346558e-02
7.933576591312885284e-03
4.856069013476371765e-02
6.482610106468200684e-02
-5.714013427495956421e-02
4.507787153124809265e-02
-2.754192240536212921e-02
6.934119015932083130e-02
6.306249648332595825e-02
-2.419388480484485626e-02
4.227488860487937927e-02
5.662085488438606262e-02
1.233426202088594437e-02
2.248341403901576996e-02
-2.189801633358001709e-02
6.283516436815261841e-02
4.312859103083610535e-02
1.570734381675720215e-02
5.160610750317573547e-02
-5.461496184580028057e-04
1.904941047541797161e-03
6.678762286901473999e-02
3.656055778264999390e-02
6.871987599879503250e-03
-2.540776971727609634e-03
4.361546039581298828e-02
7.447313517332077026e-02
-1.388905849307775497e-02
-7.595876697450876236e-03
5.226970091462135315e-02
-3.462605923414230347e-02
-5.322603974491357803e-03
1.983815245330333710e-02
5.010236799716949463e-02
3.940252214670181274e-02
7.402382045984268188e-02
2.118983305990695953e-02
-1.667788624763488770e-02
4.716216772794723511e-02
9.410858154296875000e-03
-5.469979252666234970e-03
7.859349250793457031e-02
3.161226958036422729e-02
5.944943428039550781e-02
3.478927537798881531e-02
3.349248319864273071e-02
5.085190013051033020e-02
5.134380236268043518e-02
-4.380809888243675232e-02
1.120771281421184540e-02
-1.340543502010405064e-03
5.038860067725181580e-02
3.020010143518447876e-02
1.906474307179450989e-02
1.261214446276426315e-02
-8.012312464416027069e-03
4.535828158259391785e-02
-5.612611398100852966e-02
-1.831747964024543762e-02
2.697522006928920746e-02
-7.450263947248458862e-03
1.695417799055576324e-02
2.595298737287521362e-02
3.703647106885910034e-02
-6.126932054758071899e-02
-9.895741939544677734e-03
5.162074044346809387e-02
-4.627175629138946533e-02
-2.044221758842468262e-02
-4.718296974897384644e-02
1.797636784613132477e-02
2.235868014395236969e-02
-2.087160572409629822e-02
1.977683790028095245e-02
1.151015609502792358e-02
1.136834733188152313e-02
8.337095379829406738e-03
2.715460583567619324e-02
6.468161940574645996e-02
5.300189182162284851e-02
3.836939809843897820e-03
-1.540959812700748444e-02
2.192370593547821045e-02
3.652851562947034836e-03
-3.494258970022201538e-02
-2.415257133543491364e-02
4.339179024100303650e-02
-1.251121889799833298e-02
4.409442842006683350e-02
7.977455854415893555e-03
3.249382972717285156e-02
-6.679370999336242676e-02
5.590390413999557495e-03
3.057877719402313232e-02
4.996836930513381958e-02
-2.573668770492076874e-02
3.591768816113471985e-02
2.190076932311058044e-02
-7.376700174063444138e-03
3.672138601541519165e-02
4.359382390975952148e-02
-6.734515726566314697e-02
-6.640398502349853516e-02
6.230917572975158691e-02
6.060395389795303345e-02
-3.360748663544654846e-02
-1.945202611386775970e-02
-2.942662918940186501e-03
-5.686017870903015137e-02
4.914107266813516617e-03
4.383325576782226562e-03
-5.335642024874687195e-02
3.958015143871307373e-02
7.267800718545913696e-02
-3.074001520872116089e-03
3.319768235087394714e-02
-3.639634698629379272e-02
6.634107977151870728e-02
2.866310253739356995e-02
3.374466672539710999e-02
9.756006300449371338e-03
3.186184447258710861e-03
4.932997003197669983e-02
1.245075743645429611e-02
-2.677847445011138916e-02
1.518683973699808121e-02
-3.793447092175483704e-02
1.876184716820716858e-02
6.142086163163185120e-02
1.802645996212959290e-02
-4.933670163154602051e-02
-8.781780488789081573e-03
2.935765311121940613e-02
-2.023624442517757416e-02
2.825691737234592438e-02
-4.947178810834884644e-02
-4.877735394984483719e-03
2.046246640384197235e-02
2.009601332247257233e-02
1.345448847860097885e-02
7.191244512796401978e-02
3.875019028782844543e-02
7.440578192472457886e-02
9.152575582265853882e-02
4.040230438113212585e-02
4.099840298295021057e-02
1.994334161281585693e-02
-1.967263780534267426e-02
3.822656348347663879e-02
-1.049040257930755615e-02
-1.566816307604312897e-02
4.131857305765151978e-02
1.532384287565946579e-02
5.283142253756523132e-02
-3.548558801412582397e-03
6.800396740436553955e-02
4.836115986108779907e-02
7.802715525031089783e-03
-7.034417241811752319e-02
8.819229900836944580e-03
2.460117265582084656e-02
5.251097492873668671e-03
-1.194343715906143188e-02
-2.973553258925676346e-03
-4.577143583446741104e-03
4.055010899901390076e-02
1.474953163415193558e-02
1.167756319046020508e-02
-3.780825529247522354e-03
-1.060868799686431885e-02
9.151610545814037323e-03
-1.580432616174221039e-02
6.367045640945434570e-02
-6.015018373727798462e-02
4.547156393527984619e-02
4.805799201130867004e-02
-1.216174755245447159e-02
3.240871801972389221e-02
1.900096237659454346e-02
2.812990546226501465e-02
-2.909945696592330933e-02
1.691699773073196411e-02
1.111049205064773560e-02
