1.996053569018840790e-02
5.450276657938957214e-02
-2.925957960542291403e-04
4.761971905827522278e-02
-5.435197963379323483e-04
4.188434779644012451e-02
-1.107985060662031174e-02
4.869660362601280212e-03
-2.681666810531169176e-04
3.336029127240180969e-02
3.137173503637313843e-02
-3.471102099865674973e-04
-5.908879684284329414e-04
2.617402933537960052e-02
-1.777677237987518311e-02
5.123390629887580872e-02
2.777977846562862396e-02
-4.002381465397775173e-04
-5.700797191821038723e-04
5.375476554036140442e-02
-1.046181470155715942e-02
1.426968351006507874e-02
-3.949906385969370604e-04
-8.549059857614338398e-04
5.760482698678970337e-02
1.296224631369113922e-02
2.659619785845279694e-02
-8.818256901577115059e-04
5.344204604625701904e-03
2.743382705375552177e-03
3.581449389457702637e-02
-7.648544269613921642e-04
-1.072138198651373386e-03
3.880169242620468140e-02
-1.095723547041416168e-02
3.491145372390747070e-02
-4.691026988439261913e-04
8.268545567989349365e-02
-7.292049704119563103e-04
-6.219125934876501560e-04
6.327593000605702400e-04
-1.398616470396518707e-02
1.367579773068428040e-02
1.291196793317794800e-03
1.101743895560503006e-02
3.695264458656311035e-03
1.104250177741050720e-02
-2.508072066120803356e-04
3.656290238723158836e-03
2.386632375419139862e-02
8.799546398222446442e-03
8.605785667896270752e-03
5.462634842842817307e-03
3.084389958530664444e-03
8.412580937147140503e-03
6.286343559622764587e-03
-8.419973775744438171e-03
-1.567692524986341596e-04
1.391685381531715393e-02
4.684510175138711929e-03
6.663318723440170288e-03
-4.412457637954503298e-04
6.551853846758604050e-03
-4.999522934667766094e-04
2.655712142586708069e-02
-1.071779802441596985e-02
1.107661332935094833e-02
2.882438153028488159e-02
1.330007798969745636e-02
1.193127688020467758e-02
-2.106061205267906189e-02
2.881000982597470284e-03
-9.291354566812515259e-03
-5.290866829454898834e-04
3.711831942200660706e-02
-6.159832701086997986e-04
1.421148329973220825e-02
-1.401582267135381699e-02
2.000267803668975830e-02
1.180890249088406563e-03
3.191296383738517761e-02
4.739420115947723389e-02
4.620425403118133545e-03
5.683857947587966919e-02
-4.084275104105472565e-03
3.513636440038681030e-02
-6.148191168904304504e-04
-7.798156002536416054e-04
1.211332716047763824e-02
-1.342405658215284348e-02
2.380466274917125702e-02
6.235624197870492935e-03
6.591956317424774170e-02
1.304509397596120834e-02
1.632730476558208466e-02
-1.018194574862718582e-02
-3.687783610075712204e-04
-1.664654584601521492e-03
5.062549933791160583e-02
1.717162691056728363e-02
2.013612724840641022e-02
-4.837866872549057007e-04
5.300010368227958679e-02
3.322819992899894714e-02
-1.208537651109509170e-04
-5.411638994701206684e-04
1.529426686465740204e-02
2.972398512065410614e-02
1.463207695633172989e-02
1.774921454489231110e-02
-3.787150781136006117e-04
-6.161987315863370895e-03
5.306109413504600525e-02
-8.331764489412307739e-03
5.736938491463661194e-02
1.893558166921138763e-02
-7.379113696515560150e-03
-1.216272730380296707e-02
3.423456102609634399e-02
2.140678279101848602e-02
4.806872457265853882e-03
4.814904928207397461e-02
1.452298276126384735e-02
-6.807952187955379486e-03
5.854785442352294922e-02
1.973814703524112701e-02
4.299219325184822083e-02
-4.001431807409971952e-04
2.973379800096154213e-03
-1.234768889844417572e-02
2.105438895523548126e-02
-3.829506749752908945e-04
-1.347904186695814133e-02
5.966130644083023071e-02
-5.645562778227031231e-04
4.189785197377204895e-02
6.522966432385146618e-04
-1.238009892404079437e-02
3.411715477705001831e-02
5.343549884855747223e-03
1.186200790107250214e-02
4.297551512718200684e-02
1.204539556056261063e-02
3.230381011962890625e-02
1.975268125534057617e-02
-8.916066959500312805e-03
1.502467039972543716e-02
-3.276898351032286882e-04
1.445125043392181396e-02
3.975619003176689148e-02
-6.094155833125114441e-04
-5.033385474234819412e-03
3.471605852246284485e-02
7.959567592479288578e-04
-3.120231267530471087e-04
-3.830667992588132620e-04
3.044195473194122314e-02
-4.526794655248522758e-04
3.909938782453536987e-02
-4.541015252470970154e-03
4.856196790933609009e-02
4.691914189606904984e-03
-2.295248210430145264e-03
5.289449915289878845e-02
4.764712601900100708e-02
4.377807304263114929e-02
-8.815953508019447327e-03
-4.690980713348835707e-04
-7.197644445113837719e-04
2.401946857571601868e-02
-1.834499067626893520e-03
4.211836308240890503e-02
1.096249278634786606e-02
1.431860122829675674e-02
2.690515480935573578e-02
-5.441269604489207268e-04
2.630098606459796429e-04
-4.792360414285212755e-04
3.429078310728073120e-02
1.433357410132884979e-02
1.996462978422641754e-02
7.269237190485000610e-02
-8.909492753446102142e-03
5.700520426034927368e-02
3.070028265938162804e-03
-6.510488223284482956e-03
5.662126466631889343e-03
9.800146333873271942e-03
2.053718315437436104e-03
-2.735627931542694569e-04
-4.634783836081624031e-04
3.497080877423286438e-02
9.235710836946964264e-03
-5.931563209742307663e-04
1.528268866240978241e-02
3.016239590942859650e-02
1.891787722706794739e-02
3.483698237687349319e-03
6.899220868945121765e-03
6.200008094310760498e-02
-3.556145238690078259e-04
-1.370146311819553375e-02
2.882267162203788757e-02
1.067536324262619019e-02
-1.207524817436933517e-02
-2.617333666421473026e-04
8.500524796545505524e-03
-3.722099936567246914e-04
1.174618955701589584e-03
-2.329237759113311768e-04
6.548447068780660629e-03
-2.075152937322854996e-03
-1.359736663289368153e-03
9.595871903002262115e-03
-4.613840719684958458e-04
1.064027426764369011e-03
1.779476925730705261e-02
8.818065747618675232e-03
8.650263771414756775e-03
-6.981427781283855438e-03
4.343501850962638855e-02
3.001747280359268188e-02
-1.231719646602869034e-02
1.429527881555259228e-03
4.121905192732810974e-02
3.258324787020683289e-02
1.958808861672878265e-02
6.767420563846826553e-03
1.446416974067687988e-02
5.467087402939796448e-02
3.806167468428611755e-02
3.575682640075683594e-02
2.413663640618324280e-02
6.836777087301015854e-03
-5.399496294558048248e-03
-6.883855676278471947e-04
3.607063740491867065e-02
-1.398985646665096283e-02
1.241207309067249298e-02
-1.545242732390761375e-03
-6.244231481105089188e-04
-1.352195627987384796e-03
-1.598874852061271667e-02
-3.499806625768542290e-04
1.186702772974967957e-02
2.263412438333034515e-02
-1.374223548918962479e-02
2.527754381299018860e-02
-1.278222072869539261e-03
1.229308173060417175e-02
-7.265648804605007172e-03
5.840313807129859924e-02
2.212026389315724373e-03
1.867776736617088318e-02
5.281146615743637085e-02
5.490472074598073959e-03
