-3.002699231728911400e-03
-3.000729251652956009e-03
-3.002718789502978325e-03
-5.502507686614990234e-01
2.691674232482910156e+00
-3.002728801220655441e-03
-1.104986429214477539e+00
-3.002635436132550240e-03
-3.002567915245890617e-03
3.870777606964111328e+00
5.897486209869384766e-01
-3.002713434398174286e-03
-2.761290788650512695e+00
-3.002736950293183327e-03
-3.002716228365898132e-03
-3.002730431035161018e-03
9.078450798988342285e-01
-3.002397017553448677e-03
-2.466933965682983398e+00
1.724738478660583496e+00
-3.002500161528587341e-03
-2.998213283717632294e-03
-3.002262674272060394e-03
-3.002693643793463707e-03
1.045428276062011719e+00
-3.002444747835397720e-03
-3.000847063958644867e-03
6.579124927520751953e+00
5.731678009033203125e-01
2.317380666732788086e+00
1.401939272880554199e+00
1.004659056663513184e+00
-3.002563491463661194e-03
1.059012174606323242e+00
-3.002726240083575249e-03
2.543994784355163574e-01
-3.002301324158906937e-03
-3.620869398117065430e+00
-3.002431476488709450e-03
5.272135734558105469e-01
-3.001769073307514191e-03
1.084658384323120117e+00
2.768998384475708008e+00
-3.002740675583481789e-03
2.194701671600341797e+00
-2.321089059114456177e-01
6.410940647125244141e+00
-3.002671059221029282e-03
8.906274437904357910e-01
-5.492208600044250488e-01
-3.001025179401040077e-03
-3.002627752721309662e-03
-1.570222973823547363e+00
-3.002643119543790817e-03
3.851365149021148682e-01
-3.002652898430824280e-03
-3.002651268616318703e-03
6.726190447807312012e-01
-3.002711106091737747e-03
-3.002732060849666595e-03
1.960433602333068848e+00
5.518251419067382812e+00
-3.002711571753025055e-03
1.838350057601928711e+00
6.071279048919677734e+00
-3.002550918608903885e-03
4.187739372253417969e+00
9.660158753395080566e-01
-2.996542723849415779e-03
-3.002737881615757942e-03
-3.002685727551579475e-03
3.028516292572021484e+00
-3.002715529873967171e-03
1.983053565025329590e+00
-3.002508543431758881e-03
-3.002729965373873711e-03
1.582823276519775391e+00
-3.002688754349946976e-03
-1.014832854270935059e+00
-3.002704121172428131e-03
-4.392479062080383301e-01
3.444150924682617188e+00
-3.002737183123826981e-03
-3.002628916874527931e-03
-3.002276411280035973e-03
-3.002729266881942749e-03
1.860479831695556641e+00
-3.001274308189749718e-03
-3.002670826390385628e-03
-3.002636134624481201e-03
-3.002709010615944862e-03
4.736501872539520264e-01
-3.002715762704610825e-03
1.191554784774780273e+00
1.946422576904296875e+00
-3.002391429618000984e-03
5.054344534873962402e-01
-3.002711571753025055e-03
3.978260278701782227e+00
3.672592878341674805e+00
-3.002702491357922554e-03
2.092138290405273438e+00
1.193364709615707397e-01
1.139657616615295410e+00
-3.002668498083949089e-03
-3.002711338922381401e-03
1.697917342185974121e+00
-3.002732526510953903e-03
3.979581594467163086e+00
1.352896332740783691e+00
-3.002695739269256592e-03
2.120707035064697266e-01
-3.002703422680497169e-03
-3.358365058898925781e+00
1.755102872848510742e+00
-7.502972483634948730e-01
-3.002675017341971397e-03
1.365772247314453125e+00
5.852325558662414551e-01
1.976188540458679199e+00
-3.002653364092111588e-03
1.099394440650939941e+00
-2.976217772811651230e-03
-3.002742305397987366e-03
1.217723965644836426e+00
-3.002724377438426018e-03
2.113104104995727539e+00
-1.915073394775390625e+00
-6.711725592613220215e-01
-3.002685960382223129e-03
1.263054847717285156e+00
-3.002739744260907173e-03
-3.001466160640120506e-03
-3.002718789502978325e-03
1.284415841102600098e+00
-3.002711571753025055e-03
6.016545295715332031e-01
6.768035292625427246e-01
-3.002500860020518303e-03
-3.002731362357735634e-03
-3.002737881615757942e-03
4.251142501831054688e+00
1.712768793106079102e+00
-3.002692479640245438e-03
-2.993278671056032181e-03
-3.002714598551392555e-03
-3.002710873261094093e-03
-3.002720186486840248e-03
1.092869162559509277e+00
7.441714406013488770e-01
2.290526628494262695e+00
3.357416868209838867e+00
-3.001011442393064499e-03
-3.002600744366645813e-03
-3.001932520419359207e-03
3.209497928619384766e+00
-2.505937337875366211e+00
-3.001318546012043953e-03
5.505633074790239334e-03
-3.002697136253118515e-03
-3.002481767907738686e-03
-3.002148820087313652e-03
-3.002705983817577362e-03
-3.002486191689968109e-03
-6.319491267204284668e-01
3.318136930465698242e+00
5.779567241668701172e+00
-3.001344855874776840e-03
1.802251636981964111e-01
-3.002681769430637360e-03
-7.572289705276489258e-01
-1.838220834732055664e+00
1.942030340433120728e-01
-3.002739977091550827e-03
1.528095960617065430e+00
-3.002713667228817940e-03
9.993271231651306152e-01
1.412303924560546875e+00
7.087273001670837402e-01
-3.002719255164265633e-03
-3.002480370923876762e-03
-3.002621000632643700e-03
-3.002723911777138710e-03
6.471148133277893066e-02
1.277090787887573242e+00
2.931598186492919922e+00
-3.002715529873967171e-03
-2.458812713623046875e+00
-3.002709476277232170e-03
-3.002499695867300034e-03
-3.002441488206386566e-03
2.865002118051052094e-02
-3.001879435032606125e-03
-3.002708544954657555e-03
1.828261613845825195e+00
7.377457022666931152e-01
-3.002424025908112526e-03
3.832651615142822266e+00
-1.372477650642395020e+00
9.903178215026855469e-01
-3.002719487994909286e-03
-2.997668227180838585e-03
1.036991715431213379e+00
-3.002526005730032921e-03
7.332624197006225586e-01
-3.002516226842999458e-03
-3.002719953656196594e-03
-3.002636833116412163e-03
4.432288706302642822e-01
1.332156896591186523e+00
-3.002715529873967171e-03
-3.002527402713894844e-03
-3.002711338922381401e-03
3.782749652862548828e+00
1.817666172981262207e+00
8.950045704841613770e-01
-1.042225882411003113e-01
-5.904875397682189941e-01
6.099730968475341797e+00
5.893945097923278809e-01
-3.002701792865991592e-03
-3.002622630447149277e-03
8.043155670166015625e-01
3.645273208618164062e+00
2.071807146072387695e+00
5.344877243041992188e-01
4.479419231414794922e+00
-3.002731828019022942e-03
-3.002715064212679863e-03
-4.758284389972686768e-01
3.210484981536865234e+00
8.879603147506713867e-01
6.191778182983398438e-01
2.601775884628295898e+00
3.888769149780273438e+00
4.874238967895507812e+00
4.443995282053947449e-02
9.262598156929016113e-01
2.374681472778320312e+00
2.531155586242675781e+00
1.089410901069641113e+00
-3.002732526510953903e-03
-3.002711804583668709e-03
-3.001167438924312592e-03
-3.002703655511140823e-03
-3.002711106091737747e-03
5.612313270568847656e+00
-3.002630081027746201e-03
1.484204769134521484e+00
-3.002708544954657555e-03
-3.002722514793276787e-03
9.838409423828125000e-01
2.282510280609130859e+00
-3.002689452841877937e-03
2.257251024246215820e+00
2.559772968292236328e+00
