-7.596419811248779297e+00
2.939553022384643555e+00
-2.632613897323608398e+00
-8.733958750963211060e-02
-7.485284805297851562e+00
-8.424706459045410156e+00
-8.122096061706542969e+00
-7.421217918395996094e+00
-1.258139991760253906e+01
-7.397865772247314453e+00
-6.126783370971679688e+00
-6.061704158782958984e+00
-1.913661003112792969e+00
-5.934446811676025391e+00
-2.106682777404785156e+00
-7.730618476867675781e+00
-5.386371612548828125e+00
-5.960403919219970703e+00
1.197497963905334473e+00
-1.063904953002929688e+01
-5.832886695861816406e+00
-5.347117424011230469e+00
-5.827974796295166016e+00
-1.082843971252441406e+01
-3.555038452148437500e+00
-3.499714374542236328e+00
-8.282926559448242188e+00
-5.697991847991943359e+00
-5.864827632904052734e+00
-6.887087345123291016e+00
-3.064177751541137695e+00
-2.419782400131225586e+00
-1.433060169219970703e+00
-6.151628494262695312e+00
-5.361682891845703125e+00
-4.969828605651855469e+00
-8.433917045593261719e+00
-3.653412580490112305e+00
-3.482196569442749023e+00
-8.444997787475585938e+00
-5.251939296722412109e+00
-8.941607475280761719e+00
-5.368010044097900391e+00
-2.395136117935180664e+00
-4.819198131561279297e+00
2.521532058715820312e+00
3.854160785675048828e+00
-1.147560596466064453e+01
3.174567222595214844e+00
-2.813310146331787109e+00
-3.713553667068481445e+00
-1.216479873657226562e+01
-3.883774995803833008e+00
-7.431663990020751953e+00
-9.295507073402404785e-01
-1.159649467468261719e+01
-2.399654150009155273e+00
-6.397382736206054688e+00
-3.495891094207763672e+00
-3.311712741851806641e+00
-6.092363357543945312e+00
2.241192579269409180e+00
4.307908058166503906e+00
-2.453787803649902344e+00
-4.796625137329101562e+00
-4.431173801422119141e-01
-7.758848190307617188e+00
-4.911765575408935547e+00
-2.859381914138793945e+00
-6.220536231994628906e+00
-3.108100652694702148e+00
3.584558725357055664e+00
-1.089301395416259766e+01
-5.663885474205017090e-01
2.064048051834106445e+00
-3.684380054473876953e-01
-4.401054382324218750e+00
-4.276529788970947266e+00
-6.307820320129394531e+00
-3.306134939193725586e+00
-1.795984745025634766e+00
-6.216279506683349609e+00
-6.169409751892089844e+00
2.914982080459594727e+00
-8.652568817138671875e+00
-1.100390434265136719e+01
-5.624159812927246094e+00
-3.571524381637573242e+00
-1.335848903656005859e+01
-7.021102905273437500e+00
-6.108117103576660156e+00
-1.071113300323486328e+01
-7.898301124572753906e+00
-6.718956947326660156e+00
-1.124424457550048828e+01
-5.153272628784179688e+00
-5.147294044494628906e+00
-1.155934143066406250e+01
2.361711740493774414e+00
-5.306784152984619141e+00
3.271244525909423828e+00
-8.432055473327636719e+00
-7.213614463806152344e+00
-8.326486349105834961e-01
-9.321582794189453125e+00
-6.935559272766113281e+00
-3.355095386505126953e+00
-2.819996356964111328e+00
-7.464625835418701172e+00
-4.679310798645019531e+00
-6.928345680236816406e+00
1.851699233055114746e+00
-2.207991123199462891e+00
1.207828335464000702e-02
-2.643576622009277344e+00
-7.591700553894042969e+00
-1.138257884979248047e+01
-6.164208889007568359e+00
-4.832791805267333984e+00
-7.398230075836181641e+00
-7.999480724334716797e+00
-4.705340266227722168e-01
-4.958238124847412109e+00
-3.801459074020385742e+00
-9.851587295532226562e+00
-9.278914451599121094e+00
-3.489026069641113281e+00
-6.417020797729492188e+00
-4.823706626892089844e+00
3.293932914733886719e+00
-1.591805076599121094e+01
-1.825407862663269043e+00
-7.515931129455566406e+00
-6.917433738708496094e+00
2.170129537582397461e+00
-6.504595279693603516e+00
-3.867629051208496094e+00
-4.252865314483642578e+00
-6.110515594482421875e+00
-1.883586287498474121e+00
-4.023074626922607422e+00
-7.481579303741455078e+00
-5.112136363983154297e+00
-7.540547847747802734e+00
-3.628477096557617188e+00
-2.450263977050781250e+00
-1.097326755523681641e+00
-2.116451501846313477e+00
-1.442274808883666992e+00
-5.448526382446289062e+00
-1.004293918609619141e+01
-1.036795616149902344e+01
-3.150080919265747070e+00
-6.015470027923583984e+00
-5.209558486938476562e+00
1.022757768630981445e+00
-6.111092090606689453e+00
-9.957500457763671875e+00
-1.513427019119262695e+00
-5.573409557342529297e+00
-3.329603910446166992e+00
-4.104115486145019531e+00
-3.626420259475708008e+00
-1.119557285308837891e+01
-1.012834358215332031e+01
-5.781512737274169922e+00
-5.027633190155029297e+00
-8.953442573547363281e+00
-2.652857303619384766e+00
-2.913523912429809570e+00
-8.306605339050292969e+00
-9.363364219665527344e+00
-1.241676688194274902e+00
-4.145789146423339844e+00
-6.402832508087158203e+00
-5.351640224456787109e+00
1.959744453430175781e+00
-1.103755712509155273e+00
-4.107722759246826172e+00
-5.546265125274658203e+00
-7.476825714111328125e+00
-8.345002174377441406e+00
-6.612905502319335938e+00
-2.387700080871582031e+00
-4.082911491394042969e+00
-3.979068517684936523e+00
3.864989042282104492e+00
-6.315872192382812500e+00
-5.471678733825683594e+00
-7.388477802276611328e+00
-3.400835275650024414e+00
-8.217794418334960938e+00
4.080840110778808594e+00
-5.954697608947753906e+00
-5.208745002746582031e+00
-4.265389442443847656e+00
-5.440614819526672363e-01
-3.228904485702514648e+00
-1.053264045715332031e+01
-8.051595687866210938e+00
-4.197634696960449219e+00
3.448991537094116211e+00
3.379483461380004883e+00
-4.922301292419433594e+00
-7.458896636962890625e+00
-7.283763885498046875e+00
-7.491208553314208984e+00
-2.599178314208984375e+00
-3.857454061508178711e+00
-1.833365261554718018e-01
-1.853238224983215332e+00
-3.685523033142089844e+00
-3.739418029785156250e+00
-3.767095088958740234e+00
-3.065840721130371094e+00
-1.860818624496459961e+00
-8.230049610137939453e-01
-2.952605724334716797e+00
-6.229740619659423828e+00
-6.198623657226562500e+00
-1.112021541595458984e+01
-5.216284751892089844e+00
-3.699336528778076172e+00
-3.468872308731079102e+00
-5.058387279510498047e+00
-9.133401870727539062e+00
-6.374876976013183594e+00
-7.795909404754638672e+00
-4.091596126556396484e+00
3.353027105331420898e+00
-6.860545158386230469e+00
3.965359628200531006e-01
-3.791850090026855469e+00
-1.034825515747070312e+01
-7.964218139648437500e+00
-1.552880167961120605e+00
3.390495777130126953e+00
-9.801068305969238281e+00
-5.754715919494628906e+00
-7.249146938323974609e+00
2.639033794403076172e+00
-6.932544231414794922e+00
-5.346127986907958984e+00
-5.936396121978759766e+00
-9.877853393554687500e+00
-7.851428508758544922e+00
-6.153712749481201172e+00
-5.538764595985412598e-01
-1.461381149291992188e+01
-5.430761814117431641e+00
-9.111915588378906250e+00
-4.370070934295654297e+00
-2.685724496841430664e+00
-7.203520774841308594e+00
-4.236042022705078125e+00
2.861722469329833984e+00
