7.238583564758300781e-01
6.877459287643432617e-01
-3.002707846462726593e-03
-3.002664074301719666e-03
2.572956085205078125e+00
1.543829679489135742e+00
-3.002716228365898132e-03
2.097312688827514648e+00
-3.002672689035534859e-03
-3.002522047609090805e-03
6.540270447731018066e-01
5.009182691574096680e-01
-3.002729499712586403e-03
6.428014039993286133e-01
-3.002387471497058868e-03
6.974343657493591309e-01
1.717445731163024902e+00
-2.998985117301344872e-03
1.790989398956298828e+00
6.869395375251770020e-01
4.495410919189453125e+00
-3.002696670591831207e-03
-3.002628451213240623e-03
-3.002594923600554466e-03
-3.002658253535628319e-03
5.408143997192382812e-01
-3.002582816407084465e-03
-3.002143930643796921e-03
-3.002714132890105247e-03
-3.002596553415060043e-03
-3.002419136464595795e-03
2.869968175888061523e+00
6.800373196601867676e-01
2.155645051971077919e-03
-3.002564422786235809e-03
-3.001915290951728821e-03
-3.002737648785114288e-03
-3.001010045409202576e-03
8.314951658248901367e-01
-3.002734854817390442e-03
-3.002705750986933708e-03
9.263103604316711426e-01
7.328027486801147461e-01
-3.002723446115851402e-03
2.012444972991943359e+00
-3.002590034157037735e-03
-3.002728102728724480e-03
-3.002294106408953667e-03
-3.002721583470702171e-03
3.874110937118530273e+00
-3.002694109454751015e-03
-3.002560464665293694e-03
-3.002659184858202934e-03
9.476508498191833496e-01
6.254481077194213867e-01
-3.002728801220655441e-03
-3.000282682478427887e-03
-3.002706216648221016e-03
1.439836502075195312e+00
1.304880261421203613e+00
-3.002728801220655441e-03
-3.002667566761374474e-03
8.383989334106445312e-01
-3.002539742738008499e-03
1.718268036842346191e+00
-3.002742305397987366e-03
-3.002705983817577362e-03
7.888303399085998535e-01
-3.002607263624668121e-03
6.778523921966552734e-01
-3.002713667228817940e-03
1.061616614460945129e-01
-3.002668498083949089e-03
-3.002704819664359093e-03
9.971600770950317383e-01
-3.002685029059648514e-03
3.115470111370086670e-01
-3.002584213390946388e-03
2.610248088836669922e+00
-3.002675250172615051e-03
6.983655691146850586e-01
-3.002667101100087166e-03
-3.002526704221963882e-03
-3.002649638801813126e-03
5.980069637298583984e-01
-3.001812146976590157e-03
-3.002731362357735634e-03
1.929357886314392090e+00
-3.002689452841877937e-03
7.110464572906494141e-01
4.781086921691894531e+00
7.328062653541564941e-01
-3.002509707584977150e-03
-3.002708544954657555e-03
6.113435029983520508e-01
1.822872638702392578e+00
1.601756066083908081e-01
6.909251809120178223e-01
-3.002544399350881577e-03
2.859114110469818115e-01
-3.002712037414312363e-03
-3.002621466293931007e-03
6.201390624046325684e-01
-3.000881988555192947e-03
-3.000957891345024109e-03
3.982680082321166992e+00
-3.002719953656196594e-03
-3.002619603648781776e-03
1.765768527984619141e+00
-3.002664074301719666e-03
6.817075014114379883e-01
8.786528110504150391e-01
6.971417069435119629e-01
1.001464843750000000e+00
6.755197048187255859e-01
-3.002636367455124855e-03
-2.692610979080200195e+00
1.641163825988769531e+00
-3.002682235091924667e-03
2.147463321685791016e+00
-3.002742305397987366e-03
1.965221285820007324e+00
5.562952160835266113e-01
-3.002729266881942749e-03
2.532240450382232666e-01
1.259526968002319336e+00
-3.002661280333995819e-03
8.664007782936096191e-01
-3.002619370818138123e-03
-3.002729499712586403e-03
-3.002590732648968697e-03
-1.254010200500488281e-01
-3.002589335665106773e-03
1.147259235382080078e+00
7.681653499603271484e-01
-3.002638230100274086e-03
4.050854742527008057e-01
1.497359633445739746e+00
-3.002585843205451965e-03
-3.002680605277419090e-03
-3.002738812938332558e-03
1.266015291213989258e+00
-3.002705750986933708e-03
-7.932064682245254517e-02
-1.621737957000732422e+00
9.317669272422790527e-01
-3.002668730914592743e-03
-3.002736717462539673e-03
5.936365127563476562e-01
2.043015658855438232e-01
-3.002714831382036209e-03
2.486292600631713867e+00
5.041555166244506836e-01
-2.640872478485107422e+00
-3.002607962116599083e-03
-3.002697601914405823e-03
-3.002714598551392555e-03
-3.002625191584229469e-03
8.322738409042358398e-01
4.407554864883422852e-01
-3.002381883561611176e-03
-3.002721816301345825e-03
-3.002368146553635597e-03
-3.002688987180590630e-03
-3.002598183229565620e-03
8.408169746398925781e-01
2.960508108139038086e+00
-2.594838142395019531e+00
-3.002658020704984665e-03
-3.002183977514505386e-03
-3.002732060849666595e-03
1.191883563995361328e+00
-3.002207493409514427e-03
5.562549829483032227e-01
-3.002732759341597557e-03
-3.002730198204517365e-03
-2.998662879690527916e-03
5.384925007820129395e-01
1.200935482978820801e+00
-3.002462675794959068e-03
-3.002682933583855629e-03
4.754092693328857422e-01
5.816433206200599670e-02
3.303514420986175537e-01
1.858894944190979004e+00
-3.002667566761374474e-03
-3.002726007252931595e-03
-1.457797642797231674e-02
7.282665371894836426e-01
7.341483142226934433e-03
-3.002694109454751015e-03
2.839439809322357178e-01
8.261353373527526855e-01
1.184231519699096680e+00
6.422219872474670410e-01
8.837989568710327148e-01
-5.437660217285156250e-01
-3.002662444487214088e-03
2.282282829284667969e+00
-3.002736950293183327e-03
-3.002593759447336197e-03
9.189293980598449707e-01
-3.002693178132176399e-03
5.871923565864562988e-01
-3.002651967108249664e-03
-3.002710640430450439e-03
-3.002741606906056404e-03
1.152401685714721680e+00
-3.002552548423409462e-03
-3.002642188221216202e-03
2.030215024948120117e+00
-3.002717625349760056e-03
1.184529066085815430e+00
7.674351334571838379e-01
-3.002739511430263519e-03
3.135297060012817383e+00
5.721307396888732910e-01
-3.002705983817577362e-03
6.784877181053161621e-01
6.145334243774414062e-01
5.260942578315734863e-01
-3.002675250172615051e-03
7.152870893478393555e-01
2.949743531644344330e-02
-3.002659883350133896e-03
8.638217449188232422e-01
-3.001853358000516891e-03
-3.002616344019770622e-03
-3.002725075930356979e-03
-5.450809001922607422e-02
-3.002713201567530632e-03
-3.002713900059461594e-03
-3.002738812938332558e-03
1.095548272132873535e+00
2.451795816421508789e+00
-3.002739977091550827e-03
-3.002713900059461594e-03
4.468289315700531006e-01
-3.002676647156476974e-03
8.911150097846984863e-01
-3.002716461196541786e-03
-3.002729266881942749e-03
6.101655960083007812e-01
9.053604602813720703e-01
1.180093884468078613e+00
-3.002699231728911400e-03
5.307383537292480469e-01
-3.002664074301719666e-03
-3.002541139721870422e-03
-3.002369776368141174e-03
-3.002525307238101959e-03
-3.001886652782559395e-03
6.761807203292846680e-01
-3.002703189849853516e-03
-3.001001896336674690e-03
4.817287921905517578e+00
