-2.969533577561378479e-02
4.979386925697326660e-02
2.863938361406326294e-02
6.015244498848915100e-02
-1.846357993781566620e-02
3.141157329082489014e-02
1.746398583054542542e-02
1.600866205990314484e-02
3.496788442134857178e-02
3.917079046368598938e-02
4.229332506656646729e-02
4.331310465931892395e-02
1.620173268020153046e-02
-3.261295333504676819e-02
-8.116493001580238342e-03
3.921124711632728577e-02
7.461236789822578430e-03
1.893118768930435181e-02
-1.618254929780960083e-02
-2.291934564709663391e-02
3.378902748227119446e-02
7.049361709505319595e-03
1.796195097267627716e-02
5.718061327934265137e-02
3.126507624983787537e-02
3.602428734302520752e-02
3.487828746438026428e-02
-3.229981660842895508e-02
2.514071390032768250e-02
5.584495887160301208e-02
-1.096516381949186325e-02
4.129527136683464050e-03
7.725740317255258560e-03
2.991786971688270569e-02
2.292499504983425140e-02
-2.654386311769485474e-02
4.772515036165714264e-03
-7.355499546974897385e-03
-1.870091259479522705e-02
2.097973600029945374e-02
-2.826201356947422028e-02
3.798032645136117935e-03
-1.510654576122760773e-02
1.915375888347625732e-02
1.755562610924243927e-02
-2.550494484603404999e-02
3.420096635818481445e-02
3.013742528855800629e-02
-8.140254765748977661e-03
9.025644510984420776e-03
-1.332038082182407379e-02
3.661071881651878357e-02
4.301453009247779846e-03
2.672025933861732483e-02
1.821556501090526581e-02
4.466429352760314941e-03
2.110727317631244659e-02
3.640079870820045471e-02
1.667196489870548248e-02
2.177782356739044189e-02
-5.679376795887947083e-02
-2.820831723511219025e-02
-2.030584588646888733e-02
4.047346115112304688e-02
3.659181296825408936e-02
8.326563052833080292e-03
1.183371804654598236e-02
-3.633929044008255005e-02
2.343203313648700714e-02
-5.675741005688905716e-03
-3.330329665914177895e-03
1.427437923848628998e-02
1.707049645483493805e-02
6.926899368409067392e-05
6.625590031035244465e-04
-1.566115953028202057e-02
3.871250897645950317e-02
2.466826327145099640e-02
-2.588593587279319763e-02
5.000053346157073975e-02
5.201181024312973022e-02
-7.077689515426754951e-04
-1.417980249971151352e-02
-2.240117639303207397e-02
2.945593930780887604e-02
3.984181210398674011e-02
-1.687595853582024574e-03
1.757606863975524902e-02
3.179668262600898743e-02
-1.363670802675187588e-03
1.481586880981922150e-02
-4.997974634170532227e-02
-3.632911667227745056e-02
3.560400754213333130e-02
9.150678291916847229e-03
-1.815109630115330219e-03
1.061649806797504425e-02
2.448259852826595306e-02
1.789231784641742706e-02
4.298752918839454651e-02
4.010594636201858521e-02
1.466424483805894852e-02
4.237005487084388733e-02
3.146244585514068604e-02
-5.149932578206062317e-03
1.879682391881942749e-02
4.785846546292304993e-02
5.126605182886123657e-02
9.739601053297519684e-03
8.446679566986858845e-04
3.172972798347473145e-02
2.268731361255049706e-03
4.088455811142921448e-02
2.445212937891483307e-02
1.599474437534809113e-02
4.804828390479087830e-02
-3.736972063779830933e-02
-1.831576414406299591e-02
2.073794975876808167e-02
1.038461271673440933e-02
9.512575343251228333e-03
2.381280437111854553e-02
2.565367519855499268e-02
2.883047563955187798e-03
-6.831978913396596909e-03
3.284778818488121033e-02
9.051873930729925632e-04
-9.793955832719802856e-03
9.897721931338310242e-03
5.309222266077995300e-02
8.530004881322383881e-03
-4.051880165934562683e-02
3.315252438187599182e-02
-2.070632576942443848e-02
3.331558406352996826e-02
2.849944680929183960e-02
1.768889091908931732e-02
2.215977013111114502e-02
3.750259056687355042e-02
5.404636263847351074e-02
3.554087888915091753e-04
4.603424109518527985e-03
5.720207002013921738e-03
1.014405768364667892e-02
1.382444798946380615e-02
-2.280882326886057854e-03
-1.656122133135795593e-02
-1.925253681838512421e-02
6.249243393540382385e-03
3.966460749506950378e-02
1.548232696950435638e-02
-2.986788935959339142e-02
2.884357981383800507e-02
1.195554528385400772e-02
1.511441636830568314e-02
-6.673232186585664749e-03
8.416689932346343994e-03
1.308495178818702698e-02
3.707685740664601326e-03
1.868391968309879303e-02
3.932885453104972839e-02
5.049209576100111008e-03
3.651713207364082336e-02
1.203598175197839737e-02
3.816364333033561707e-02
-2.500646375119686127e-02
4.454248398542404175e-02
1.221460755914449692e-02
4.319734126329421997e-02
2.223742008209228516e-02
2.857004990801215172e-03
-2.139133960008621216e-02
-2.719110064208507538e-02
-6.454500835388898849e-03
4.813459143042564392e-02
1.204907242208719254e-02
4.150305315852165222e-02
3.144961223006248474e-02
5.986310075968503952e-03
1.072290260344743729e-02
5.390035361051559448e-02
3.196524083614349365e-02
1.429529488086700439e-02
1.376620028167963028e-02
3.951154649257659912e-02
2.528344467282295227e-02
1.248173229396343231e-02
3.273576032370328903e-03
3.438433259725570679e-02
1.182617247104644775e-02
4.541306756436824799e-03
-3.952701017260551453e-02
1.461272221058607101e-02
-4.644225910305976868e-02
8.403588086366653442e-03
1.988193392753601074e-02
5.942891910672187805e-02
1.159338559955358505e-02
4.649000708013772964e-03
1.323930267244577408e-02
1.870790868997573853e-02
4.993551224470138550e-02
2.513235434889793396e-02
2.070001512765884399e-02
1.785647496581077576e-02
1.806865632534027100e-02
-4.002092778682708740e-02
-1.791087351739406586e-02
-4.548664018511772156e-02
-9.472840465605258942e-03
-1.816298929043114185e-03
1.656700670719146729e-02
1.812302693724632263e-02
2.935142070055007935e-02
-4.984504077583551407e-03
3.424240648746490479e-02
1.305657811462879181e-02
-2.439491823315620422e-02
4.132004827260971069e-02
-1.272589061409235001e-02
6.553664337843656540e-03
-2.223372086882591248e-02
8.626295253634452820e-03
1.293870154768228531e-02
3.361846879124641418e-02
-3.750464692711830139e-02
1.222160086035728455e-02
2.139229327440261841e-02
5.205817148089408875e-02
4.965375736355781555e-02
7.710870355367660522e-03
-7.238069083541631699e-04
-3.318359144032001495e-03
-1.826166547834873199e-02
1.210673898458480835e-02
1.741386484354734421e-03
4.299417138099670410e-02
3.223520470783114433e-03
3.686269000172615051e-02
-2.555756457149982452e-02
1.309262029826641083e-02
-2.069569937884807587e-02
3.323527798056602478e-02
4.237344022840261459e-03
-2.425219304859638214e-02
-1.281281560659408569e-02
-2.360086701810359955e-02
3.663855791091918945e-02
6.338776438497006893e-04
2.410626970231533051e-02
2.263749763369560242e-02
-1.256631780415773392e-02
2.659839391708374023e-02
4.370625317096710205e-02
9.530364535748958588e-03
1.648562029004096985e-02
