-3.568728208541870117e+00
2.761397361755371094e+00
4.058659076690673828e-02
-8.396693468093872070e-01
-3.290758609771728516e+00
4.118375480175018311e-01
-1.543845534324645996e+00
1.311721682548522949e+00
-7.208048552274703979e-02
-3.071561098098754883e+00
-2.177414178848266602e+00
-1.565418124198913574e+00
3.776946365833282471e-01
-1.025081753730773926e+00
-3.400027006864547729e-02
6.621000170707702637e-01
1.177583694458007812e+00
1.144175291061401367e+00
-1.106534123420715332e+00
-7.946953773498535156e-01
-1.658577799797058105e+00
1.909983456134796143e-01
-9.728345274925231934e-01
-2.785470008850097656e+00
-2.199362277984619141e+00
2.243997454643249512e-01
1.702358961105346680e+00
-1.150691509246826172e+00
-1.173813343048095703e+00
-2.327422142028808594e+00
3.034554004669189453e+00
2.311999320983886719e+00
1.832437664270401001e-01
-5.075415372848510742e-01
-7.999798655509948730e-01
-1.759935975074768066e+00
3.119231462478637695e-01
-1.257495045661926270e+00
-1.704712748527526855e+00
-4.956071376800537109e-01
-3.446909189224243164e+00
-1.508185863494873047e+00
8.922679424285888672e-01
-2.698159456253051758e+00
-9.842171072959899902e-01
1.439927816390991211e+00
1.078967690467834473e+00
-2.647423267364501953e+00
-3.036144971847534180e+00
-8.069773018360137939e-02
-1.380325198173522949e+00
7.080305814743041992e-01
2.647478342056274414e+00
2.044107913970947266e+00
-1.657917380332946777e+00
-2.462207794189453125e+00
-2.428304672241210938e+00
4.927326440811157227e-01
9.694266319274902344e-01
1.109660148620605469e+00
1.327312231063842773e+00
1.008688807487487793e+00
3.506736278533935547e+00
3.428137540817260742e+00
-2.185913562774658203e+00
-1.337130427360534668e+00
1.137256860733032227e+00
-2.986069917678833008e+00
1.369739890098571777e+00
1.593688607215881348e+00
-7.339300960302352905e-02
4.693864583969116211e-01
-1.601824998855590820e+00
9.803599119186401367e-01
-2.810658216476440430e+00
-1.424334645271301270e+00
1.467010617256164551e+00
2.271082639694213867e+00
-1.197319149971008301e+00
-1.446534037590026855e+00
1.689681649208068848e+00
-1.998762130737304688e+00
1.452020883560180664e+00
-2.424807250499725342e-01
-1.092062473297119141e+00
3.567444562911987305e+00
1.143839240074157715e+00
-7.764180302619934082e-01
-9.711511731147766113e-01
-2.275452852249145508e+00
-5.346422195434570312e-01
-3.613791167736053467e-01
-3.462077140808105469e+00
-3.257723808288574219e+00
4.338422715663909912e-01
9.106090068817138672e-01
-1.376772880554199219e+00
1.697936892509460449e+00
-1.886873722076416016e+00
1.477288603782653809e+00
1.946771025657653809e+00
-5.267372727394104004e-01
-2.739854812622070312e+00
5.176679491996765137e-01
1.574489474296569824e+00
-4.064698696136474609e+00
-3.638331413269042969e+00
-1.848233222961425781e+00
4.554691016674041748e-01
-4.100084304809570312e-01
-9.611967802047729492e-01
-9.080311655998229980e-02
-7.306931018829345703e-01
-9.770651459693908691e-01
-1.590661525726318359e+00
1.186159439384937286e-02
-2.013021469116210938e+00
2.272218614816665649e-01
-3.017338216304779053e-01
-2.409240007400512695e+00
-1.410882711410522461e+00
-3.622625827789306641e+00
3.247743248939514160e-01
-3.358940482139587402e-01
-2.921849012374877930e+00
2.703861713409423828e+00
-6.130796670913696289e-01
-2.770745754241943359e-01
-3.523455858230590820e+00
-3.592186450958251953e+00
-7.722666859626770020e-01
-1.959888577461242676e+00
-6.093195080757141113e-01
3.188349962234497070e+00
8.725840449333190918e-01
1.717504262924194336e-01
-7.894371151924133301e-01
7.778365015983581543e-01
-4.828557968139648438e-01
-4.360302686691284180e-01
7.476332783699035645e-01
1.346368432044982910e+00
2.255137681961059570e+00
-3.377419471740722656e+00
9.630829095840454102e-01
-2.448496580123901367e+00
-2.018887996673583984e+00
6.534236073493957520e-01
-6.489715576171875000e-01
-1.414098978042602539e+00
7.092360854148864746e-01
-8.995761871337890625e-01
3.510531485080718994e-01
1.499361753463745117e+00
2.762699842453002930e+00
2.279167175292968750e+00
-8.470878601074218750e-01
1.884579896926879883e+00
-1.061033248901367188e+00
6.394636034965515137e-01
1.143890380859375000e+00
5.983119606971740723e-01
3.566626012325286865e-01
4.151835143566131592e-01
1.014149188995361328e+00
-7.879476547241210938e-01
2.160917758941650391e+00
1.309769392013549805e+00
-1.268363475799560547e+00
-5.483603477478027344e-01
-1.432727932929992676e+00
-5.367126464843750000e-01
-1.035253524780273438e+00
-2.463858127593994141e+00
-1.844328045845031738e+00
-1.376588344573974609e+00
2.276003919541835785e-02
-5.085784196853637695e-01
-2.007702291011810303e-01
2.455696582794189453e+00
-1.004566788673400879e+00
-1.657659292221069336e+00
1.626558184623718262e+00
9.583394974470138550e-02
1.450120210647583008e+00
-2.128387451171875000e+00
-4.673047661781311035e-01
-4.182196140289306641e+00
-9.020530581474304199e-01
-7.584334611892700195e-01
-1.873084187507629395e+00
-3.608158349990844727e+00
8.988840878009796143e-02
-2.957406997680664062e+00
-4.224194586277008057e-01
-3.921171426773071289e+00
-1.924477100372314453e+00
-1.357849121093750000e+00
2.160564422607421875e+00
1.493749022483825684e+00
-2.552452325820922852e+00
8.262431025505065918e-01
7.714941501617431641e-01
-4.433756470680236816e-01
-2.650939464569091797e+00
-1.369252204895019531e+00
-1.768192648887634277e+00
-9.658768773078918457e-01
9.147983193397521973e-01
-2.130597829818725586e+00
-2.577558994293212891e+00
-1.497169375419616699e+00
-5.969096422195434570e-01
-2.066061258316040039e+00
-3.092450141906738281e+00
8.792592287063598633e-01
3.546571493148803711e+00
1.268245935440063477e+00
-3.124443054199218750e+00
-4.454770982265472412e-01
-4.490089118480682373e-01
1.523442119359970093e-01
-5.381202697753906250e-01
-1.021186232566833496e+00
-2.090169429779052734e+00
3.460726022720336914e+00
-7.873866558074951172e-01
4.011097550392150879e-02
-1.153461694717407227e+00
-2.417530298233032227e+00
-1.363671660423278809e+00
-3.443980216979980469e+00
-3.448222875595092773e-01
-6.102637648582458496e-01
-1.015421152114868164e+00
-6.978758573532104492e-01
-6.753342747688293457e-01
-2.173819065093994141e+00
7.370730042457580566e-01
-1.682855606079101562e+00
-2.164296865463256836e+00
2.406481027603149414e+00
-1.634311378002166748e-01
8.060096949338912964e-02
1.821711063385009766e+00
-1.972302675247192383e+00
-7.579403519630432129e-01
1.902126371860504150e-01
-1.203580573201179504e-01
-1.863449096679687500e+00
8.793567866086959839e-02
-1.884967565536499023e+00
-1.678284764289855957e+00
-2.495295524597167969e+00
5.192157030105590820e-01
-4.840967178344726562e+00
