3.121176548302173615e-02
4.218473657965660095e-02
-1.400764100253582001e-02
-1.167172100394964218e-03
1.156701985746622086e-02
1.932178623974323273e-02
4.127151519060134888e-02
4.960304498672485352e-02
-1.025324687361717224e-02
4.009633790701627731e-03
2.476197294890880585e-02
1.881268061697483063e-02
7.706257048994302750e-03
1.803606934845447540e-02
-4.855509614571928978e-04
2.143169194459915161e-02
2.435392327606678009e-02
-1.424675865564495325e-04
-5.771386786364018917e-04
2.881686203181743622e-02
3.636089153587818146e-03
-2.745440870057791471e-04
-9.206589311361312866e-03
1.546794315800070763e-03
-4.654467920772731304e-04
-1.948651333805173635e-04
3.138098865747451782e-02
1.268226333195343614e-04
-3.694159386213868856e-04
-3.346740850247442722e-04
-6.103375926613807678e-04
3.260236233472824097e-02
5.966899450868368149e-03
2.608926035463809967e-03
-1.178286876529455185e-02
-2.484724158421158791e-03
2.570238150656223297e-02
-2.227829681942239404e-04
-2.756617031991481781e-04
-4.681139835156500340e-04
-7.518032798543572426e-04
1.961301825940608978e-02
3.310589492321014404e-02
-1.525516127003356814e-04
-8.888491429388523102e-03
-8.424373809248209000e-04
2.009027451276779175e-02
-5.874850903637707233e-04
4.103743936866521835e-03
-2.793342282529920340e-04
-9.707610122859477997e-03
-4.876655875705182552e-04
4.000094905495643616e-02
-4.861666529905050993e-04
-2.461327239871025085e-04
1.063209772109985352e-02
-4.016043676529079676e-04
5.712312646210193634e-03
-2.012015087530016899e-03
6.199362222105264664e-03
5.165966227650642395e-03
4.524309188127517700e-02
3.608725965023040771e-02
2.318221703171730042e-02
-1.153957657516002655e-02
6.781866773962974548e-03
3.308893740177154541e-02
-3.671138838399201632e-04
-6.649907678365707397e-03
-2.359100617468357086e-04
-2.158592455089092255e-03
-3.360871924087405205e-04
-2.896537771448493004e-04
2.155319089069962502e-03
-8.791721425950527191e-03
2.209658548235893250e-02
9.703027084469795227e-03
6.378463003784418106e-04
-3.987135423813015223e-04
2.450639940798282623e-02
-1.078578279702924192e-04
6.835673470050096512e-03
-3.276386996731162071e-04
1.385920681059360504e-02
1.959791965782642365e-02
1.210003904998302460e-02
-5.352409207262098789e-04
-3.173556178808212280e-04
1.285469811409711838e-02
-3.633774176705628633e-04
-6.887511699460446835e-04
1.065004710108041763e-02
1.397573947906494141e-02
1.019826857373118401e-03
-1.980944216484203935e-04
-3.128925745841115713e-04
-3.668348072096705437e-04
-5.505076143890619278e-03
-4.385212436318397522e-03
3.798997728154063225e-03
1.378424232825636864e-03
-4.513050080277025700e-04
-4.220952396281063557e-04
-4.285390314180403948e-04
-3.725144779309630394e-04
1.382231339812278748e-02
-5.976972635835409164e-03
-4.221235576551407576e-04
-1.193256539409048855e-04
4.344357922673225403e-02
-2.999039716087281704e-04
3.489264100790023804e-02
2.599000185728073120e-02
3.170742839574813843e-02
1.130767166614532471e-02
6.726047489792108536e-03
1.433220226317644119e-02
-1.913624815642833710e-03
1.097174827009439468e-02
-4.832981794606894255e-04
2.234071725979447365e-03
-3.894899506121873856e-03
-2.019074745476245880e-03
3.057983145117759705e-02
-1.767911948263645172e-02
-4.350157978478819132e-04
-4.691319074481725693e-03
-9.132427163422107697e-03
-5.358759663067758083e-04
-2.269969554618000984e-04
1.499107759445905685e-02
-3.580190532375127077e-04
1.749599725008010864e-02
-4.631400806829333305e-04
9.396819397807121277e-03
-6.854208186268806458e-04
-6.459359428845345974e-04
1.523190643638372421e-02
5.743410903960466385e-03
3.053567372262477875e-03
4.550192877650260925e-02
-3.996639861725270748e-04
-4.129319277126342058e-04
1.752524520270526409e-03
-4.053390875924378633e-04
3.773586591705679893e-03
3.551692934706807137e-04
4.109640419483184814e-02
1.540968660265207291e-02
2.644764818251132965e-02
8.430365473031997681e-03
-9.506701491773128510e-03
-2.585932379588484764e-04
3.969123587012290955e-02
4.328677605371922255e-04
-1.178619058919139206e-04
3.390538971871137619e-03
-4.151506873313337564e-04
5.523413419723510742e-04
-4.873870348092168570e-04
7.273348513990640640e-03
6.637991173192858696e-04
4.102102015167474747e-03
2.175099588930606842e-02
2.184657193720340729e-02
-5.668307421728968620e-04
3.067738935351371765e-02
1.254168525338172913e-02
1.031270064413547516e-02
-4.865076916757971048e-04
3.474994003772735596e-02
1.655779592692852020e-02
-2.028832910582423210e-03
1.153555139899253845e-02
2.307818830013275146e-02
-3.275977505836635828e-04
3.374923393130302429e-02
4.190011322498321533e-02
-3.204610839020460844e-04
-5.614577094092965126e-04
-2.435220958432182670e-04
-1.866719394456595182e-04
3.915351349860429764e-03
1.743455789983272552e-02
-1.672328216955065727e-03
-1.622886769473552704e-02
-1.873415336012840271e-02
7.435376290231943130e-03
-5.951788276433944702e-03
1.475998107343912125e-02
-6.912188604474067688e-03
-1.371612655930221081e-03
2.960152737796306610e-02
-4.627885646186769009e-04
-5.615006084553897381e-04
-3.761028347071260214e-04
3.562325984239578247e-02
1.982488110661506653e-02
-3.830718924291431904e-04
-3.636437759269028902e-04
7.478062994778156281e-03
-4.996058414690196514e-04
-1.180765964090824127e-02
1.653920486569404602e-02
-1.005395222455263138e-02
3.713884949684143066e-02
-7.000666810199618340e-04
4.288040846586227417e-02
-1.932525192387402058e-04
1.310986559838056564e-02
2.630803920328617096e-02
1.967297634109854698e-03
-6.817444809712469578e-04
-4.999014781787991524e-04
1.769241504371166229e-02
-1.689362805336713791e-03
5.838070064783096313e-03
-1.323359756497666240e-04
-1.483209198340773582e-03
-4.748672363348305225e-04
-6.229899590834975243e-04
9.228375740349292755e-03
-4.782096948474645615e-04
-2.425437705824151635e-04
8.529769256711006165e-03
-6.367855821736156940e-04
-5.194406956434249878e-03
2.534416131675243378e-02
4.039720073342323303e-02
2.907921187579631805e-02
3.640599083155393600e-03
-4.006949253380298615e-03
-4.763476026710122824e-04
-4.363539628684520721e-04
7.402964867651462555e-03
-3.275353461503982544e-03
-5.110953934490680695e-03
-5.984553135931491852e-03
-2.534124650992453098e-04
1.402619993314146996e-03
3.190014138817787170e-02
-1.374857407063245773e-02
2.246295288205146790e-02
-3.434834943618625402e-04
-4.787280340678989887e-04
1.317500695586204529e-02
1.637493632733821869e-02
2.449072897434234619e-02
5.690193269401788712e-03
2.121858065947890282e-03
7.071554660797119141e-03
-3.903181350324302912e-04
1.618801802396774292e-02
4.341380670666694641e-02
1.716831885278224945e-02
2.645272947847843170e-02
