-1.390107631683349609e+00
-6.650242209434509277e-01
-2.688361644744873047e+00
-1.358041167259216309e+00
-1.618538498878479004e+00
-3.154706001281738281e+00
-3.214037656784057617e+00
-1.319354414939880371e+00
-7.954279780387878418e-01
-1.483540773391723633e+00
-3.208324909210205078e+00
-7.675502300262451172e-01
-1.410009026527404785e+00
-2.510515213012695312e+00
-3.465567350387573242e+00
-3.304308056831359863e-01
-1.625339508056640625e+00
-2.984130859375000000e+00
-2.925997257232666016e+00
-3.622230589389801025e-01
-3.871490001678466797e+00
-4.866061359643936157e-02
-3.227119445800781250e+00
-1.892519235610961914e+00
-1.383076786994934082e+00
-1.953142404556274414e+00
-3.178734064102172852e+00
-2.993929684162139893e-01
-3.863745927810668945e+00
-2.586455345153808594e+00
2.091681718826293945e+00
-4.433762550354003906e+00
-7.611609101295471191e-01
-1.885678768157958984e+00
-3.605253219604492188e+00
2.080239295959472656e+00
-1.453578591346740723e+00
-1.712388634681701660e+00
-1.638821721076965332e+00
-4.965157508850097656e-01
-4.066808223724365234e+00
1.930909872055053711e+00
-1.168765544891357422e+00
-9.645959734916687012e-01
-9.262762963771820068e-02
2.153781890869140625e+00
-2.358791589736938477e+00
-1.024379730224609375e+00
-9.394696950912475586e-01
-2.406298398971557617e+00
-1.293043613433837891e+00
-2.517290115356445312e+00
-2.255056142807006836e+00
-1.016407683491706848e-01
-1.788300514221191406e+00
-2.350477457046508789e+00
-1.750161170959472656e+00
-2.156823635101318359e+00
-8.733885884284973145e-01
-2.373732328414916992e+00
-1.538547873497009277e+00
-2.616312265396118164e+00
-2.291256040334701538e-01
-2.694296360015869141e+00
-2.133549928665161133e+00
-2.303092002868652344e+00
-6.007763743400573730e-01
-2.207948446273803711e+00
-4.014197826385498047e+00
-1.708485603332519531e+00
-2.162392854690551758e+00
-1.631798386573791504e+00
-1.995328426361083984e+00
-2.504359722137451172e+00
-5.581679940223693848e-01
-3.795331716537475586e+00
-1.817670226097106934e+00
-9.216945618391036987e-02
-1.936516523361206055e+00
-1.807534456253051758e+00
-8.572514057159423828e-01
-3.461054563522338867e+00
-1.578980445861816406e+00
-2.210263729095458984e+00
-1.235852360725402832e+00
-2.694148540496826172e+00
1.177327632904052734e+00
-1.375765681266784668e+00
-2.612547874450683594e-01
-1.442662239074707031e+00
-4.980224609375000000e+00
-3.673917055130004883e+00
-3.737340688705444336e+00
-2.031953096389770508e+00
2.701922178268432617e+00
-5.122434496879577637e-01
-1.965504169464111328e+00
-7.245270609855651855e-01
-2.786435127258300781e+00
-4.327943325042724609e+00
2.088061809539794922e+00
-3.894431591033935547e+00
-2.450288772583007812e+00
-1.810418605804443359e+00
-1.702336072921752930e+00
-1.764167785644531250e+00
-2.270930528640747070e+00
-1.014140844345092773e+00
-2.427192926406860352e+00
-2.378980517387390137e-01
-3.534549951553344727e+00
-2.390993118286132812e+00
-4.512558937072753906e+00
1.572149991989135742e+00
-3.113030433654785156e+00
-1.914384365081787109e+00
-1.966682791709899902e+00
-1.177952766418457031e+00
-1.654432266950607300e-01
-3.508674144744873047e+00
-3.054337978363037109e+00
-2.696386098861694336e+00
-3.804414033889770508e+00
-3.101164102554321289e+00
-3.185459613800048828e+00
-2.128286838531494141e+00
-1.919004321098327637e+00
-1.844245195388793945e+00
-1.749126553535461426e+00
-5.271893143653869629e-01
-5.276281237602233887e-01
-2.818230867385864258e+00
-2.613189220428466797e+00
-2.299335002899169922e+00
-3.112448692321777344e+00
-1.787971973419189453e+00
-2.702356815338134766e+00
-2.275983333587646484e+00
-2.739100217819213867e+00
-5.886858329176902771e-02
-3.563559532165527344e+00
-1.975818514823913574e+00
-3.426594734191894531e+00
-1.091846346855163574e+00
-2.875946044921875000e+00
-3.982698202133178711e+00
-4.912809431552886963e-01
-2.516594886779785156e+00
-2.606205463409423828e+00
-3.584077596664428711e+00
-2.014100074768066406e+00
-1.130827665328979492e+00
8.574651479721069336e-01
-3.279546499252319336e+00
-1.947875499725341797e+00
-5.074918270111083984e-01
-2.287067174911499023e+00
-2.140002965927124023e+00
-1.709536194801330566e+00
-3.376858711242675781e+00
-1.395483374595642090e+00
-2.544219493865966797e+00
-1.393178343772888184e+00
-1.169527530670166016e+00
-2.602493047714233398e+00
2.095646858215332031e+00
-2.879981756210327148e+00
1.633302330970764160e+00
-2.616852045059204102e+00
2.392452478408813477e+00
-2.934729099273681641e+00
-1.433659791946411133e+00
-1.772101163864135742e+00
-2.450437545776367188e+00
-1.515879511833190918e+00
-2.504843950271606445e+00
-1.054679155349731445e+00
-1.454731225967407227e+00
-1.063844799995422363e+00
5.662890076637268066e-01
-2.572853565216064453e+00
-2.791958332061767578e+00
-1.170627593994140625e+00
-2.366342782974243164e+00
-3.222425460815429688e+00
-6.303295493125915527e-01
-2.013778686523437500e+00
-1.210253119468688965e+00
-5.791510939598083496e-01
-6.466591358184814453e-01
-6.226081252098083496e-01
-1.712602376937866211e+00
-1.733019351959228516e+00
-2.426635742187500000e+00
-2.481832027435302734e+00
-2.875920772552490234e+00
1.890094950795173645e-02
-2.808642864227294922e+00
-2.769977807998657227e+00
-2.581732034683227539e+00
-2.421761512756347656e+00
-3.899364233016967773e+00
-6.111100316047668457e-01
-1.812323927879333496e+00
-1.434691667556762695e+00
-1.389348387718200684e+00
-4.056402206420898438e+00
8.791593462228775024e-02
-2.448296070098876953e+00
6.130588799715042114e-02
-9.843844175338745117e-01
-2.748090982437133789e+00
-1.279487848281860352e+00
-1.925802826881408691e-01
-1.202127814292907715e+00
-2.569516897201538086e-01
-3.065118074417114258e+00
-1.220009207725524902e+00
-3.130275249481201172e+00
-1.316265463829040527e+00
-3.016762495040893555e+00
-2.363335847854614258e+00
4.740783870220184326e-01
-8.923253417015075684e-01
-1.958071708679199219e+00
-1.999938368797302246e+00
-2.007121324539184570e+00
-3.550879955291748047e+00
-2.037321329116821289e+00
-2.277461051940917969e+00
-1.613255858421325684e+00
-2.014468193054199219e+00
-2.589389085769653320e-01
-2.192421436309814453e+00
-2.079583168029785156e+00
-2.852720737457275391e+00
-5.961275696754455566e-01
-4.579659402370452881e-01
-1.253542661666870117e+00
-1.903091907501220703e+00
2.520616054534912109e-01
-2.348880052566528320e+00
-3.594518184661865234e+00
-2.365126132965087891e+00
-2.670245170593261719e+00
-1.871994256973266602e+00
-1.532717108726501465e+00
-2.512874126434326172e+00
-3.665323495864868164e+00
-1.574121594429016113e+00
-1.570315361022949219e+00
-2.066161394119262695e+00
-1.868569731712341309e+00
-9.387319684028625488e-01
-2.349456787109375000e+00
-2.666598081588745117e+00
